352	136	2
1.0	-1.0	1.0	0.33374297618865967	0.6662571430206299	0	0	0	0	0	0	0.0	-1.0	0.0	3.5850899848810514e-07	0.0	-1.0	1.0	0.0	3.5850899848810514e-07
-0.9999996423721313	-1.0	-1.0000003576278687	0.6662571430206299	0.33374297618865967	0	0	0	0	0	0	0.0	-1.0	0.0	3.585089416446863e-07	0.0	-1.0	1.0	0.0	3.585089416446863e-07
1.0	-1.0	-0.9999999403953552	0.6662571430206299	0.6662570238113403	0	0	0	0	0	0	0.0	-1.0	0.0	3.5850899848810514e-07	0.0	-1.0	1.0	0.0	3.5850899848810514e-07
-0.9999999403953552	1.0	-1.0	0.0004096166230738163	0.3329237699508667	0	0	0	0	0	0	0.0	1.0	0.0	1.0	0.0	-9.02880330500011e-08	-9.02880330500011e-08	0.0	-1.0
0.9999993443489075	1.0	1.0000005960464478	0.3329235911369324	0.00040953810093924403	0	0	0	0	0	0	0.0	1.0	0.0	1.0	0.0	-9.02880330500011e-08	-9.02880330500011e-08	0.0	-1.0
1.0000004768371582	1.0	-0.999999463558197	0.3329238295555115	0.33292365074157715	0	0	0	0	0	0	0.0	1.0	0.0	1.0	0.0	-9.028804015542846e-08	-9.028804015542846e-08	0.0	-1.0
1.0000004768371582	1.0	-0.999999463558197	0.33292368054389954	0.6662569642066956	0	0	0	0	0	0	1.0	-2.384185791015625e-07	0.0	2.136880150366456e-14	8.962724962202628e-08	-1.0	2.384185791015625e-07	1.0	8.962724962202628e-08
1.0	-1.0	1.0	0.0004096559132449329	0.3337428867816925	0	0	0	0	0	0	1.0	-2.384185791015625e-07	0.0	2.136880150366456e-14	8.962724962202628e-08	-1.0	2.384185791015625e-07	1.0	8.962724962202628e-08
1.0	-1.0	-0.9999999403953552	0.3329237997531891	0.3337428569793701	0	0	0	0	0	0	1.0	-2.384185791015625e-07	0.0	2.1368799809598667e-14	8.962724251659893e-08	-1.0	2.384185791015625e-07	1.0	8.962724251659893e-08
0.9999993443489075	1.0	1.0000005960464478	0.33292365074157715	0.999590277671814	0	0	0	0	0	0	-8.940696716308594e-08	-2.9802325229866256e-07	1.0	1.0	0.0	8.940696716308594e-08	-2.6645355979135546e-14	1.0	2.9802325229866256e-07
-1.0000001192092896	-1.0	0.9999998211860657	0.00040953810093924403	0.6670761704444885	0	0	0	0	0	0	-8.940696716308594e-08	-2.9802325229866256e-07	1.0	1.0	0.0	8.940696716308594e-08	-2.6645355979135546e-14	1.0	2.9802325229866256e-07
1.0	-1.0	1.0	0.3329237103462219	0.6670761704444885	0	0	0	0	0	0	-8.940696716308594e-08	-2.9802325229866256e-07	1.0	1.0	2.1175825700841426e-21	8.940696716308594e-08	-2.664535767320144e-14	1.0	2.9802325229866256e-07
-1.0000001192092896	-1.0	0.9999998211860657	0.6670762300491333	0.33292368054389954	0	0	0	0	0	0	-1.0	-1.4901158351676713e-07	-2.384185791015625e-07	2.384185791015625e-07	4.235163928477935e-21	-1.0	1.4901158351676713e-07	-1.0	3.552712662360964e-14
-0.9999999403953552	1.0	-1.0	0.9995904564857483	0.00040953810093924403	0	0	0	0	0	0	-1.0	-1.4901158351676713e-07	-2.384185791015625e-07	2.384185791015625e-07	2.1175825700841426e-21	-1.0	1.4901158351676713e-07	-1.0	3.552712662360964e-14
-0.9999996423721313	-1.0	-1.0000003576278687	0.9995904564857483	0.33292368054389954	0	0	0	0	0	0	-1.0	-1.4901158351676713e-07	-2.384185791015625e-07	2.384185791015625e-07	2.1175819642389674e-21	-1.0	1.4901158351676713e-07	-1.0	3.552712662360964e-14
1.0	-1.0	-0.9999999403953552	0.6662571430206299	0.33292368054389954	0	0	0	0	0	0	2.6822084464583895e-07	2.3841852225814364e-07	-1.0	1.0	-2.6888164939009584e-07	2.682207878024201e-07	-2.68881592546677e-07	-1.0	-2.3841860752327193e-07
-0.9999999403953552	1.0	-1.0	0.3337429165840149	0.0004096362681593746	0	0	0	0	0	0	2.6822084464583895e-07	2.3841852225814364e-07	-1.0	1.0	-2.6888164939009584e-07	2.682207878024201e-07	-2.68881592546677e-07	-1.0	-2.3841860752327193e-07
1.0000004768371582	1.0	-0.999999463558197	0.6662571430206299	0.00040953810093924403	0	0	0	0	0	0	2.6822084464583895e-07	2.3841852225814364e-07	-1.0	1.0	-2.6888164939009584e-07	2.682207878024201e-07	-2.68881592546677e-07	-1.0	-2.3841860752327193e-07
-0.0813593864440918	0.5323675870895386	0.12223225831985474	0.9219359755516052	0.333757609128952	0	0	0	0	0	0	0.09801609814167023	0.0	-0.9951848983764648	-0.9951827526092529	0.0020695668645203114	-0.09801588207483292	0.002059601480141282	0.9999978542327881	0.00020285083155613393
-0.12668877840042114	3.4698877334594727	0.11776775121688843	0.9299707412719727	0.7940576672554016	1.0	1	0.0	0	0.0	0	0.09801609814167023	0.0	-0.9951848983764648	-0.9951827526092529	0.0020695668645203114	-0.09801588207483292	0.002059601480141282	0.9999978542327881	0.00020285083155613393
-0.0813593864440918	3.4698877334594727	0.12223225831985474	0.9219362139701843	0.7940724492073059	1.0	1	0.0	0	0.0	0	0.09801609814167023	0.0	-0.9951848983764648	-0.9951827526092529	0.0020695668645203114	-0.09801588207483292	0.002059601480141282	0.9999978542327881	0.00020285083155613393
-0.12668877840042114	0.5323675870895386	0.11776775121688843	0.9396436214447021	0.3337576389312744	0	0	0	0	0	0	0.29028448462486267	0.0	-0.9569404125213623	-0.9569383859634399	0.002063879044726491	-0.2902838885784149	0.001975008985027671	0.9999978542327881	0.0005991120124235749
-0.1702762246131897	3.4698877334594727	0.10454565286636353	0.9476783871650696	0.7940578460693359	1.0	1	0.0	0	0.0	0	0.29028448462486267	0.0	-0.9569404125213623	-0.9569383859634399	0.002063879044726491	-0.2902838885784149	0.001975008985027671	0.9999978542327881	0.0005991120124235749
-0.12668877840042114	3.4698877334594727	0.11776775121688843	0.9396438002586365	0.7940725684165955	1.0	1	0.0	0	0.0	0	0.29028448462486267	0.0	-0.9569404125213623	-0.9569384455680847	0.002063879044726491	-0.29028385877609253	0.001975008985027671	0.9999978542327881	0.0005991120124235749
-0.1702762246131897	0.5323675870895386	0.10454565286636353	0.7713592052459717	0.3337577283382416	0	0	0	0	0	0	0.4713975191116333	0.0	-0.8819208741188049	-0.8819189667701721	0.0020866140257567167	-0.4713965058326721	0.0018402284476906061	0.9999978542327881	0.0009836247190833092
-0.21044671535491943	3.4698877334594727	0.08307403326034546	0.7793987989425659	0.7940583229064941	1.0	1	0.0	0	0.0	0	0.4713975191116333	0.0	-0.8819208741188049	-0.8819190263748169	0.0020866140257567167	-0.4713965058326721	0.0018402282148599625	0.9999977946281433	0.0009836246026679873
-0.1702762246131897	3.4698877334594727	0.10454565286636353	0.7713642716407776	0.794073224067688	1.0	1	0.0	0	0.0	0	0.4713975191116333	0.0	-0.8819208741188049	-0.8819190263748169	0.0020866140257567167	-0.4713965058326721	0.0018402282148599625	0.9999977946281433	0.0009836246026679873
-0.21044671535491943	0.5323675870895386	0.08307403326034546	0.8510871529579163	0.3337577283382416	0	0	0	0	0	0	0.6343922019004822	0.0	-0.7730112671852112	-0.773009717464447	0.0020836179610341787	-0.6343908309936523	0.0016106602270156145	0.9999978542327881	0.0013218310195952654
-0.24565637111663818	3.4698877334594727	0.05417829751968384	0.8591266870498657	0.7940573692321777	1.0	1	0.0	0	0.0	0	0.6343922019004822	0.0	-0.7730112671852112	-0.7730096578598022	0.0020922247786074877	-0.6343908309936523	0.0016173133626580238	0.9999977946281433	0.0013272911310195923
-0.21044671535491943	3.4698877334594727	0.08307403326034546	0.8510921597480774	0.7940723299980164	1.0	1	0.0	0	0.0	0	0.6343922019004822	0.0	-0.7730112671852112	-0.7730095982551575	0.0020923111587762833	-0.6343908309936523	0.0016173803014680743	0.9999978542327881	0.0013273459626361728
-0.24565637111663818	0.5323675870895386	0.05417829751968384	0.7802178859710693	0.3337577283382416	0	0	0	0	0	0	0.7730105519294739	0.0	-0.6343931555747986	-0.6343917846679688	0.002083496656268835	-0.7730088233947754	0.0013217560481280088	0.9999977946281433	0.0016105648828670382
-0.27455222606658936	3.4698877334594727	0.018968582153320312	0.7882574796676636	0.794058084487915	1.0	1	0.0	0	0.0	0	0.7730105519294739	0.0	-0.6343931555747986	-0.6343917846679688	0.002080957405269146	-0.7730088233947754	0.0013201452093198895	0.9999977946281433	0.0016086020041257143
-0.24565637111663818	3.4698877334594727	0.05417829751968384	0.7802228927612305	0.7940729260444641	1.0	1	0.0	0	0.0	0	0.7730105519294739	0.0	-0.6343931555747986	-0.6343917846679688	0.0020809320267289877	-0.7730089426040649	0.0013201290275901556	0.9999978542327881	0.0016085824463516474
-0.27455222606658936	0.5323675870895386	0.018968582153320312	0.8865165114402771	0.33375757932662964	0	0	0	0	0	0	0.881921648979187	0.0	-0.4713960289955139	-0.47139498591423035	0.0020695647690445185	-0.8819197416305542	0.0009755846112966537	0.9999978542327881	0.0018251939909532666
-0.29602372646331787	3.4698877334594727	-0.02120184898376465	0.8945491909980774	0.7940577268600464	1.0	1	0.0	0	0.0	0	0.881921648979187	0.0	-0.4713960289955139	-0.47139498591423035	0.0020695647690445185	-0.8819197416305542	0.0009755846112966537	0.9999978542327881	0.0018251939909532666
-0.27455222606658936	3.4698877334594727	0.018968582153320312	0.8865146040916443	0.7940725088119507	1.0	1	0.0	0	0.0	0	0.881921648979187	0.0	-0.4713960289955139	-0.47139498591423035	0.0020695647690445185	-0.8819197416305542	0.0009755846112966537	0.9999978542327881	0.0018251939909532666
-0.29602372646331787	0.5323675870895386	-0.02120184898376465	0.7025070786476135	0.4114648401737213	0	0	0	0	0	0	0.9569404125213623	0.0	-0.29028448462486267	-0.29028385877609253	0.0020866210106760263	-0.9569383263587952	0.0006057136924937367	0.9999978542327881	0.0019967718981206417
-0.3092458248138428	3.4698877334594727	-0.0647892951965332	0.710545539855957	0.8717648983001709	1.0	1	0.0	0	0.0	0	0.9569404125213623	0.0	-0.29028448462486267	-0.29028385877609253	0.0020866210106760263	-0.9569383263587952	0.0006057136924937367	0.9999978542327881	0.0019967718981206417
-0.29602372646331787	3.4698877334594727	-0.02120184898376465	0.7025109529495239	0.8717797994613647	1.0	1	0.0	0	0.0	0	0.9569404125213623	0.0	-0.29028448462486267	-0.29028385877609253	0.0020866210106760263	-0.9569383263587952	0.0006057136924937367	0.9999978542327881	0.0019967718981206417
-0.3092458248138428	0.5323675870895386	-0.0647892951965332	0.6670762300491333	0.4114648401737213	0	0	0	0	0	0	0.9951848387718201	0.0	-0.09801597148180008	-0.09801576286554337	0.0020979910623282194	-0.9951826930046082	0.00020563663565553725	0.9999978542327881	0.0020878890063613653
-0.3137103319168091	3.4698877334594727	-0.11011874675750732	0.6751149892807007	0.8717649579048157	1.0	1	0.0	0	0.0	0	0.9951848387718201	0.0	-0.09801597148180008	-0.09801576286554337	0.0020979910623282194	-0.9951826930046082	0.00020563663565553725	0.9999978542327881	0.0020878890063613653
-0.3092458248138428	3.4698877334594727	-0.0647892951965332	0.6670804023742676	0.8717799186706543	1.0	1	0.0	0	0.0	0	0.9951848387718201	0.0	-0.09801597148180008	-0.09801576286554337	0.0020979910623282194	-0.9951826930046082	0.00020563663565553725	0.9999978542327881	0.0020878890063613653
-0.3137103319168091	0.5323675870895386	-0.11011874675750732	0.6759340167045593	0.4114648401737213	0	0	0	0	0	0	0.9951848983764648	0.0	0.09801609814167023	0.09801586717367172	0.002097994787618518	-0.9951826333999634	-0.00020563726138789207	0.9999978542327881	0.0020878927316516638
-0.3092458248138428	3.4698877334594727	-0.15544813871383667	0.6839727759361267	0.8717647194862366	1.0	1	0.0	0	0.0	0	0.9951848983764648	0.0	0.09801609814167023	0.09801586717367172	0.002097994787618518	-0.9951826333999634	-0.00020563726138789207	0.9999978542327881	0.0020878927316516638
-0.3137103319168091	3.4698877334594727	-0.11011874675750732	0.6759381890296936	0.8717796802520752	1.0	1	0.0	0	0.0	0	0.9951848983764648	0.0	0.09801609814167023	0.09801586717367172	0.002097994787618518	-0.9951826333999634	-0.00020563726138789207	0.9999978542327881	0.0020878927316516638
-0.3092458248138428	0.5323675870895386	-0.15544813871383667	0.6936496496200562	0.4114648401737213	0	0	0	0	0	0	0.9569404125213623	0.0	0.29028448462486267	0.29028385877609253	0.0020923069678246975	-0.9569383263587952	-0.000607364228926599	0.9999978542327881	0.0020022131502628326
-0.29602372646331787	3.4698877334594727	-0.19903558492660522	0.7016880512237549	0.8717648386955261	1.0	1	0.0	0	0.0	0	0.9569404125213623	0.0	0.29028448462486267	0.29028385877609253	0.002092306734994054	-0.9569383263587952	-0.0006073641707189381	0.9999978542327881	0.002002212917432189
-0.3092458248138428	3.4698877334594727	-0.15544813871383667	0.6936534643173218	0.87177973985672	1.0	1	0.0	0	0.0	0	0.9569404125213623	0.0	0.29028448462486267	0.29028385877609253	0.0020923069678246975	-0.9569383263587952	-0.000607364228926599	0.9999978542327881	0.0020022131502628326
-0.29602372646331787	0.5323675870895386	-0.19903558492660522	0.8776609897613525	0.333757609128952	0	0	0	0	0	0	0.881921648979187	0.0	0.4713960289955139	0.47139498591423035	0.0020752502605319023	-0.8819197416305542	-0.0009782647248357534	0.9999978542327881	0.0018302081152796745
-0.27455222606658936	3.4698877334594727	-0.23920601606369019	0.8856936693191528	0.7940577268600464	1.0	1	0.0	0	0.0	0	0.881921648979187	0.0	0.4713960289955139	0.47139501571655273	0.0020752502605319023	-0.8819197416305542	-0.0009782647248357534	0.9999978542327881	0.0018302081152796745
-0.29602372646331787	3.4698877334594727	-0.19903558492660522	0.8776590824127197	0.7940725088119507	1.0	1	0.0	0	0.0	0	0.881921648979187	0.0	0.4713960289955139	0.4713950455188751	0.0020752502605319023	-0.8819197416305542	-0.0009782647248357534	0.9999978542327881	0.0018302081152796745
-0.27455222606658936	0.5323675870895386	-0.23920601606369019	0.8953717947006226	0.333757609128952	0	0	0	0	0	0	0.7730105519294739	0.0	0.6343931555747986	0.6343918442726135	0.002066959859803319	-0.7730089426040649	-0.0013112651649862528	0.9999979138374329	0.0015977817820385098
-0.24565637111663818	3.4698877334594727	-0.2744157314300537	0.903404712677002	0.794058084487915	1.0	1	0.0	0	0.0	0	0.7730105519294739	0.0	0.6343931555747986	0.6343917846679688	0.002080791862681508	-0.7730088233947754	-0.0013200402026996017	0.9999977946281433	0.0016084740636870265
-0.27455222606658936	3.4698877334594727	-0.23920601606369019	0.8953701257705688	0.7940729260444641	1.0	1	0.0	0	0.0	0	0.7730105519294739	0.0	0.6343931555747986	0.6343917846679688	0.0020809313282370567	-0.7730089426040649	-0.0013201285619288683	0.9999978542327881	0.00160858198069036
-0.24565637111663818	0.5323675870895386	-0.2744157314300537	0.9130823612213135	0.33375757932662964	0	0	0	0	0	0	0.6343929767608643	0.0	0.7730106711387634	0.7730090618133545	0.002062831772491336	-0.6343916654586792	-0.0015945909544825554	0.9999978542327881	0.0013086459366604686
-0.21044671535491943	3.4698877334594727	-0.3033115267753601	0.9211152791976929	0.7940576076507568	1.0	1	0.0	0	0.0	0	0.6343929767608643	0.0	0.7730106711387634	0.7730090022087097	0.0020807567052543163	-0.6343916058540344	-0.0016084474045783281	0.9999978542327881	0.0013200175017118454
-0.24565637111663818	3.4698877334594727	-0.2744157314300537	0.9130806922912598	0.7940724492073059	1.0	1	0.0	0	0.0	0	0.6343929767608643	0.0	0.7730106711387634	0.7730090022087097	0.002080937149003148	-0.6343916058540344	-0.0016085868701338768	0.9999978542327881	0.001320132054388523
-0.21044671535491943	0.5323675870895386	-0.3033115267753601	0.7290815114974976	0.41146478056907654	0	0	0	0	0	0	0.4713975191116333	0.0	0.8819208741188049	0.8819189667701721	0.002075243042781949	-0.47139647603034973	-0.0018302001990377903	0.9999978542327881	0.000978264375589788
-0.1702762246131897	3.4698877334594727	-0.3247831463813782	0.7371141314506531	0.8717654347419739	1.0	1	0.0	0	0.0	0	0.4713975191116333	0.0	0.8819208741188049	0.8819190263748169	0.002075243042781949	-0.4713965058326721	-0.0018302001990377903	0.9999979138374329	0.000978264375589788
-0.21044671535491943	3.4698877334594727	-0.3033115267753601	0.72907954454422	0.8717802166938782	1.0	1	0.0	0	0.0	0	0.4713975191116333	0.0	0.8819208741188049	0.8819190263748169	0.002075243042781949	-0.4713965058326721	-0.0018302001990377903	0.9999979138374329	0.000978264375589788
-0.1702762246131897	0.5323675870895386	-0.3247831463813782	0.7113645672798157	0.4114648401737213	0	0	0	0	0	0	0.290284126996994	0.0	0.9569404721260071	0.9569383859634399	0.002080931793898344	-0.29028353095054626	-0.0019913280848413706	0.9999978542327881	0.0006040615262463689
-0.12668871879577637	3.4698877334594727	-0.3380052447319031	0.7194030284881592	0.8717651963233948	1.0	1	0.0	0	0.0	0	0.290284126996994	0.0	0.9569404721260071	0.9569385051727295	0.0020809320267289877	-0.2902835011482239	-0.0019913280848413706	0.9999979138374329	0.0006040615262463689
-0.1702762246131897	3.4698877334594727	-0.3247831463813782	0.7113684415817261	0.8717800378799438	1.0	1	0.0	0	0.0	0	0.290284126996994	0.0	0.9569404721260071	0.9569385051727295	0.0020809320267289877	-0.29028353095054626	-0.0019913280848413706	0.9999979138374329	0.0006040615262463689
-0.12668871879577637	0.5323675870895386	-0.3380052447319031	0.6847918033599854	0.4114648401737213	0	0	0	0	0	0	0.09801597148180008	0.0	0.9951848387718201	0.9951826333999634	0.0020866203121840954	-0.09801575541496277	-0.0020765729714185	0.9999977946281433	0.00020452210446819663
-0.08135926723480225	3.4698877334594727	-0.3424697518348694	0.6928305625915527	0.8717648983001709	1.0	1	0.0	0	0.0	0	0.09801597148180008	0.0	0.9951848387718201	0.9951826930046082	0.0020866203121840954	-0.09801576286554337	-0.0020765729714185	0.9999978542327881	0.00020452211902011186
-0.12668871879577637	3.4698877334594727	-0.3380052447319031	0.6847959756851196	0.8717797994613647	1.0	1	0.0	0	0.0	0	0.09801597148180008	0.0	0.9951848387718201	0.9951827526092529	0.002086620545014739	-0.09801577031612396	-0.0020765729714185	0.9999977946281433	0.00020452211902011186
-0.08135926723480225	0.5323675870895386	-0.3424697518348694	0.8599457740783691	0.3337576985359192	0	0	0	0	0	0	-0.0980185717344284	0.0	0.9951846599578857	0.995182454586029	0.002092304639518261	0.0980183482170105	-0.0020822291262447834	0.9999977946281433	-0.0002050846815109253
-0.036029815673828125	3.4698877334594727	-0.3380051255226135	0.8679845333099365	0.7940579056739807	1.0	1	0.0	0	0.0	0	-0.0980185717344284	0.0	0.9951846599578857	0.995182454586029	0.002092304639518261	0.0980183482170105	-0.0020822291262447834	0.9999977946281433	-0.0002050846815109253
-0.08135926723480225	3.4698877334594727	-0.3424697518348694	0.8599499464035034	0.7940728068351746	1.0	1	0.0	0	0.0	0	-0.0980185717344284	0.0	0.9951846599578857	0.995182454586029	0.002092304639518261	0.0980183482170105	-0.0020822291262447834	0.9999977946281433	-0.0002050846815109253
-0.036029815673828125	0.5323675870895386	-0.3380051255226135	0.7202220559120178	0.4114648401737213	0	0	0	0	0	0	-0.29028210043907166	0.0	0.9569410681724548	0.9569391012191772	0.0020794812589883804	0.2902815043926239	-0.0019899411126971245	0.9999978542327881	-0.0006036362028680742
0.00755763053894043	3.4698877334594727	-0.3247831463813782	0.7282605171203613	0.8717647194862366	1.0	1	0.0	0	0.0	0	-0.29028210043907166	0.0	0.9569410681724548	0.9569391012191772	0.0020921812392771244	0.2902815043926239	-0.0020020941738039255	0.9999978542327881	-0.0006073227850720286
-0.036029815673828125	3.4698877334594727	-0.3380051255226135	0.7202259302139282	0.8717796206474304	1.0	1	0.0	0	0.0	0	-0.29028210043907166	0.0	0.9569410681724548	0.9569391012191772	0.0020923090633004904	0.2902815043926239	-0.002002216409891844	0.9999978542327881	-0.0006073598633520305
0.00755763053894043	0.5323675870895386	-0.3247831463813782	0.868805468082428	0.33375757932662964	0	0	0	0	0	0	-0.47139808535575867	0.0	0.881920576095581	0.8819186687469482	0.00206956104375422	0.4713970422744751	-0.0018251885194331408	0.9999978542327881	-0.000975587114226073
0.04772806167602539	3.4698877334594727	-0.3033115267753601	0.8768381476402283	0.7940579652786255	1.0	1	0.0	0	0.0	0	-0.47139808535575867	0.0	0.881920576095581	0.8819186687469482	0.00206956104375422	0.4713970422744751	-0.0018251885194331408	0.9999978542327881	-0.000975587114226073
0.00755763053894043	3.4698877334594727	-0.3247831463813782	0.8688035607337952	0.7940727472305298	1.0	1	0.0	0	0.0	0	-0.47139808535575867	0.0	0.881920576095581	0.8819186687469482	0.00206956104375422	0.4713970422744751	-0.0018251885194331408	0.9999978542327881	-0.000975587114226073
0.04772806167602539	0.5323675870895386	-0.3033115267753601	0.904227077960968	0.33375757932662964	0	0	0	0	0	0	-0.6343938112258911	0.0	0.7730100750923157	0.773008406162262	0.0020695636048913	0.6343924403190613	-0.0015997933223843575	0.9999978542327881	-0.0013129182625561953
0.08293771743774414	3.4698877334594727	-0.27441567182540894	0.9122599959373474	0.7940577268600464	1.0	1	0.0	0	0.0	0	-0.6343938112258911	0.0	0.7730100750923157	0.7730083465576172	0.002069563837721944	0.6343924403190613	-0.001599793671630323	0.9999978542327881	-0.001312918495386839
0.04772806167602539	3.4698877334594727	-0.3033115267753601	0.9042254090309143	0.7940725088119507	1.0	1	0.0	0	0.0	0	-0.6343938112258911	0.0	0.7730100750923157	0.773008406162262	0.002069563837721944	0.6343924403190613	-0.0015997934387996793	0.9999978542327881	-0.001312918378971517
0.08293771743774414	0.5323675870895386	-0.27441567182540894	0.7625005841255188	0.3337576985359192	0	0	0	0	0	0	-0.7730112075805664	0.0	0.634392499923706	0.6343911290168762	0.0020866140257567167	0.7730094790458679	-0.001323732198216021	0.9999978542327881	-0.0016129757277667522
0.11183357238769531	3.4698877334594727	-0.23920589685440063	0.770540177822113	0.7940583229064941	1.0	1	0.0	0	0.0	0	-0.7730112075805664	0.0	0.634392499923706	0.6343910694122314	0.002086613792926073	0.7730094194412231	-0.0013237320818006992	0.9999978542327881	-0.001612975844182074
0.08293771743774414	3.4698877334594727	-0.27441567182540894	0.7625055909156799	0.794073224067688	1.0	1	0.0	0	0.0	0	-0.7730112075805664	0.0	0.634392499923706	0.6343911290168762	0.0020866140257567167	0.7730094194412231	-0.001323732198216021	0.9999977946281433	-0.0016129757277667522
0.11183357238769531	0.5323675870895386	-0.23920589685440063	0.8245111703872681	0.3337576985359192	0	0	0	0	0	0	-0.881921648979187	0.0	0.4713960289955139	0.47139501571655273	0.0020866217091679573	0.8819197416305542	-0.0009836251847445965	0.9999978542327881	-0.0018402368295937777
0.13330507278442383	3.4698877334594727	-0.19903546571731567	0.8325507640838623	0.7940576672554016	1.0	1	0.0	0	0.0	0	-0.881921648979187	0.0	0.4713960289955139	0.4713950455188751	0.0020866217091679573	0.881919801235199	-0.0009836250683292747	0.9999977946281433	-0.001840236596763134
0.11183357238769531	3.4698877334594727	-0.23920589685440063	0.8245161771774292	0.7940725684165955	1.0	1	0.0	0	0.0	0	-0.881921648979187	0.0	0.4713960289955139	0.4713950455188751	0.0020866217091679573	0.881919801235199	-0.0009836250683292747	0.9999977946281433	-0.001840236596763134
0.13330507278442383	0.5323675870895386	-0.19903546571731567	0.8067938685417175	0.3337576985359192	0	0	0	0	0	0	-0.9569412469863892	0.0	0.290281742811203	0.29028114676475525	0.0020794214215129614	0.956939160823822	-0.0006036181002855301	0.9999978542327881	-0.0019898840691894293
0.14652705192565918	3.4698877334594727	-0.15544795989990234	0.8148334622383118	0.7940578460693359	1.0	1	0.0	0	0.0	0	-0.9569412469863892	0.0	0.290281742811203	0.29028114676475525	0.002086547901853919	0.956939160823822	-0.0006056867423467338	0.9999978542327881	-0.001996703678742051
0.13330507278442383	3.4698877334594727	-0.19903546571731567	0.8067988753318787	0.7940727472305298	1.0	1	0.0	0	0.0	0	-0.9569412469863892	0.0	0.290281742811203	0.29028111696243286	0.0020866196136921644	0.9569391012191772	-0.0006057075806893408	0.9999977946281433	-0.001996772363781929
0.14652705192565918	0.5323675870895386	-0.15544795989990234	0.7979351878166199	0.3337576985359192	0	0	0	0	0	0	-0.9951846599578857	0.0	0.0980185717344284	0.0980183482170105	0.002092304639518261	0.995182454586029	-0.0002050846815109253	0.9999977946281433	-0.0020822291262447834
0.15099167823791504	3.4698877334594727	-0.11011850833892822	0.8059747815132141	0.7940579056739807	1.0	1	0.0	0	0.0	0	-0.9951846599578857	0.0	0.0980185717344284	0.0980183482170105	0.002092304639518261	0.995182454586029	-0.0002050846815109253	0.9999977946281433	-0.0020822291262447834
0.14652705192565918	3.4698877334594727	-0.15544795989990234	0.797940194606781	0.7940728068351746	1.0	1	0.0	0	0.0	0	-0.9951846599578857	0.0	0.0980185717344284	0.0980183482170105	0.002092304639518261	0.995182454586029	-0.0002050846815109253	0.9999977946281433	-0.0020822291262447834
0.15099167823791504	0.5323675870895386	-0.11011850833892822	0.7890765070915222	0.3337576985359192	0	0	0	0	0	0	-0.9951846599578857	0.0	-0.0980185717344284	-0.0980183482170105	0.002092304639518261	0.995182454586029	0.0002050846815109253	0.9999977946281433	-0.0020822291262447834
0.14652705192565918	3.4698877334594727	-0.0647890567779541	0.7971161603927612	0.7940579056739807	1.0	1	0.0	0	0.0	0	-0.9951846599578857	0.0	-0.0980185717344284	-0.0980183482170105	0.002092304639518261	0.995182454586029	0.0002050846815109253	0.9999977946281433	-0.0020822291262447834
0.15099167823791504	3.4698877334594727	-0.11011850833892822	0.7890815734863281	0.7940728068351746	1.0	1	0.0	0	0.0	0	-0.9951846599578857	0.0	-0.0980185717344284	-0.0980183482170105	0.002092304639518261	0.995182454586029	0.0002050846815109253	0.9999977946281433	-0.0020822291262447834
0.14652705192565918	0.5323675870895386	-0.0647890567779541	0.8422284722328186	0.3337576985359192	0	0	0	0	0	0	-0.9569410681724548	0.0	-0.29028210043907166	-0.2902814745903015	0.002097994787618518	0.9569390416145325	0.0006090103415772319	0.9999977946281433	-0.002007657429203391
0.13330507278442383	3.4698877334594727	-0.021201610565185547	0.8502680659294128	0.7940574884414673	1.0	1	0.0	0	0.0	0	-0.9569410681724548	0.0	-0.29028210043907166	-0.2902814745903015	0.002097994787618518	0.9569389820098877	0.0006090103997848928	0.9999978542327881	-0.0020076576620340347
0.14652705192565918	3.4698877334594727	-0.0647890567779541	0.8422334790229797	0.7940724492073059	1.0	1	0.0	0	0.0	0	-0.9569410681724548	0.0	-0.29028210043907166	-0.2902814745903015	0.0020979945547878742	0.9569389820098877	0.0006090103415772319	0.9999978542327881	-0.002007657429203391
0.13330507278442383	0.5323675870895386	-0.021201610565185547	0.7447832226753235	0.3337577283382416	0	0	0	0	0	0	-0.8819195032119751	0.0	-0.47140011191368103	-0.47139906883239746	0.0020866135600954294	0.8819175362586975	0.0009836298413574696	0.9999978542327881	-0.001840225188061595
0.11183333396911621	3.4698877334594727	0.018968820571899414	0.7528228759765625	0.7940583229064941	1.0	1	0.0	0	0.0	0	-0.8819195032119751	0.0	-0.47140011191368103	-0.47139906883239746	0.0020866135600954294	0.8819175362586975	0.0009836298413574696	0.9999978542327881	-0.001840225188061595
0.13330507278442383	3.4698877334594727	-0.021201610565185547	0.7447882890701294	0.794073224067688	1.0	1	0.0	0	0.0	0	-0.8819195032119751	0.0	-0.47140011191368103	-0.47139906883239746	0.0020866135600954294	0.8819175362586975	0.0009836298413574696	0.9999978542327881	-0.001840225188061595
0.11183333396911621	0.5323675870895386	0.018968820571899414	0.8333698511123657	0.3337576985359192	0	0	0	0	0	0	-0.7730095386505127	0.0	-0.6343944668769836	-0.634393036365509	0.002103680046275258	0.7730077505111694	0.0013345627812668681	0.9999977350234985	-0.0016261645359918475
0.08293747901916504	3.4698877334594727	0.05417841672897339	0.84140944480896	0.7940574884414673	1.0	1	0.0	0	0.0	0	-0.7730095386505127	0.0	-0.6343944668769836	-0.634393036365509	0.0021036798134446144	0.7730077505111694	0.0013345626648515463	0.9999977350234985	-0.0016261644195765257
0.11183333396911621	3.4698877334594727	0.018968820571899414	0.8333748579025269	0.7940725088119507	1.0	1	0.0	0	0.0	0	-0.7730095386505127	0.0	-0.6343944668769836	-0.634393036365509	0.002103680046275258	0.7730078101158142	0.00133456289768219	0.9999977350234985	-0.0016261645359918475
0.08293747901916504	0.5323675870895386	0.05417841672897339	0.7536419034004211	0.3337577283382416	0	0	0	0	0	0	-0.634392499923706	0.0	-0.7730112075805664	-0.7730093598365784	0.002092299284413457	0.6343910694122314	0.0016173707554116845	0.9999978542327881	-0.0013273389777168632
0.04772770404815674	3.4698877334594727	0.08307427167892456	0.7616814970970154	0.7940583825111389	1.0	1	0.0	0	0.0	0	-0.634392499923706	0.0	-0.7730112075805664	-0.7730094790458679	0.002092299284413457	0.6343910694122314	0.0016173705225810409	0.9999977946281433	-0.0013273388613015413
0.08293747901916504	3.4698877334594727	0.05417841672897339	0.7536469101905823	0.7940732836723328	1.0	1	0.0	0	0.0	0	-0.634392499923706	0.0	-0.7730112075805664	-0.7730094790458679	0.002092299284413457	0.6343910694122314	0.0016173705225810409	0.9999977946281433	-0.0013273388613015413
0.04772770404815674	0.5323675870895386	0.08307427167892456	0.8156524896621704	0.3337577283382416	0	0	0	0	0	0	-0.4713960289955139	0.0	-0.881921648979187	-0.8819197416305542	0.0020866210106760263	0.47139498591423035	0.0018402362475171685	0.9999978542327881	-0.000983624835498631
0.007557272911071777	3.4698877334594727	0.10454577207565308	0.8236921429634094	0.7940578460693359	1.0	1	0.0	0	0.0	0	-0.4713960289955139	0.0	-0.881921648979187	-0.881919801235199	0.00208662124350667	0.47139501571655273	0.0018402364803478122	0.9999978542327881	-0.0009836249519139528
0.04772770404815674	3.4698877334594727	0.08307427167892456	0.8156575560569763	0.7940727472305298	1.0	1	0.0	0	0.0	0	-0.4713960289955139	0.0	-0.881921648979187	-0.8819197416305542	0.0020866210106760263	0.47139498591423035	0.0018402362475171685	0.9999978542327881	-0.000983624835498631
0.00755763053894043	0.5323675870895386	-0.3247831463813782	0.7395887970924377	0.3903968632221222	0	0	0	0	0	0	0.0	1.0	0.0	0.7730085253715515	0.0	-0.6343956589698792	-0.6343956589698792	0.0	-0.7730085253715515
-0.29602372646331787	0.5323675870895386	-0.19903558492660522	0.6873103380203247	0.4062556326389313	0	0	0	0	0	0	0.0	1.0	0.0	0.7730085253715515	0.0	-0.6343956589698792	-0.6343956589698792	0.0	-0.7730085253715515
-0.1702762246131897	0.5323675870895386	0.10454565286636353	0.6714516282081604	0.353976845741272	0	0	0	0	0	0	0.0	1.0	0.0	0.7730085253715515	0.0	-0.6343955993652344	-0.6343955993652344	0.0	-0.7730085253715515
0.007557272911071777	0.5323675870895386	0.10454577207565308	0.9307898283004761	0.333757609128952	0	0	0	0	0	0	-0.29028135538101196	0.0	-0.9569413065910339	-0.9569393396377563	0.0020752446725964546	0.2902807295322418	0.001985887298360467	0.9999978542327881	-0.0006024048198014498
-0.03603029251098633	3.4698877334594727	0.11776775121688843	0.9388245940208435	0.7940581440925598	1.0	1	0.0	0	0.0	0	-0.29028135538101196	0.0	-0.9569413065910339	-0.9569393396377563	0.0020752446725964546	0.2902807295322418	0.001985887298360467	0.9999978542327881	-0.0006024048198014498
0.007557272911071777	3.4698877334594727	0.10454577207565308	0.9307900071144104	0.7940729856491089	1.0	1	0.0	0	0.0	0	-0.29028135538101196	0.0	-0.9569413065910339	-0.9569392800331116	0.002075244439765811	0.2902807295322418	0.0019858870655298233	0.9999977946281433	-0.0006024047615937889
-0.03603029251098633	0.5323675870895386	0.11776775121688843	0.9484974145889282	0.3337576389312744	0	0	0	0	0	0	-0.09801673889160156	0.0	-0.9951848387718201	-0.9951825737953186	0.0020809583365917206	0.09801651537418365	0.0020709382370114326	0.9999978542327881	-0.00020396873878780752
-0.0813593864440918	3.4698877334594727	0.12223225831985474	0.9565320611000061	0.7940561175346375	1.0	1	0.0	0	0.0	0	-0.09801673889160156	0.0	-0.9951848387718201	-0.9951826930046082	0.0020809585694223642	0.09801653027534485	0.0020709382370114326	0.9999978542327881	-0.00020396875333972275
-0.03603029251098633	3.4698877334594727	0.11776775121688843	0.9484975934028625	0.7940709590911865	1.0	1	0.0	0	0.0	0	-0.09801673889160156	0.0	-0.9951848387718201	-0.9951826930046082	0.0020809585694223642	0.09801653027534485	0.0020709382370114326	0.9999978542327881	-0.00020396875333972275
-0.12668871879577637	3.4698877334594727	-0.3380052447319031	0.34768030047416687	0.6756588220596313	1.0	1	0.0	0	0.0	0	0.0	-1.0	0.0	0.8819200396537781	0.0	0.47139906883239746	-0.47139906883239746	0.0	0.8819200396537781
0.14652705192565918	3.4698877334594727	-0.15544795989990234	0.4020482301712036	0.6810135245323181	1.0	1	0.0	0	0.0	0	0.0	-1.0	0.0	0.8819200992584229	0.0	0.4713990390300751	-0.4713990390300751	0.0	0.8819200992584229
-0.03603029251098633	3.4698877334594727	0.11776775121688843	0.3966934084892273	0.7353817224502563	1.0	1	0.0	0	0.0	0	0.0	-1.0	0.0	0.8819200396537781	0.0	0.47139906883239746	-0.47139906883239746	0.0	0.8819200396537781
1.0	-1.0	1.0	0.33374297618865967	0.6662571430206299	0	0	0	0	0	0	0.0	-1.0	0.0	-1.7925438555721485e-07	0.0	-1.0	1.0	0.0	-1.7925438555721485e-07
-1.0000001192092896	-1.0	0.9999998211860657	0.3337429165840149	0.3337428569793701	0	0	0	0	0	0	0.0	-1.0	0.0	-1.7925437134636013e-07	0.0	-1.0	1.0	0.0	-1.7925437134636013e-07
-0.9999996423721313	-1.0	-1.0000003576278687	0.6662571430206299	0.33374297618865967	0	0	0	0	0	0	0.0	-1.0	0.0	-1.792543429246507e-07	0.0	-1.0	1.0	0.0	-1.792543429246507e-07
-0.9999999403953552	1.0	-1.0	0.0004096166230738163	0.3329237699508667	0	0	0	0	0	0	0.0	1.0	0.0	1.0	0.0	8.9627263832881e-08	8.9627263832881e-08	0.0	-1.0
-1.0000003576278687	1.0	0.9999996423721313	0.00040953810093924403	0.0004096559132449329	0	0	0	0	0	0	0.0	1.0	0.0	1.0	0.0	8.962725672745364e-08	8.962725672745364e-08	0.0	-1.0
0.9999993443489075	1.0	1.0000005960464478	0.3329235911369324	0.00040953810093924403	0	0	0	0	0	0	0.0	1.0	0.0	1.0	0.0	8.962727093830836e-08	8.962727093830836e-08	0.0	-1.0
1.0000004768371582	1.0	-0.999999463558197	0.33292368054389954	0.6662569642066956	0	0	0	0	0	0	1.0	3.2782537573439186e-07	5.662441253662109e-07	5.662440685227921e-07	1.7925448503319785e-07	-1.0	-3.278254894212296e-07	1.0	1.7925430029208655e-07
0.9999993443489075	1.0	1.0000005960464478	0.00040953810093924403	0.6662570238113403	0	0	0	0	0	0	1.0	3.2782537573439186e-07	5.662441253662109e-07	5.662440685227921e-07	1.7925447082234314e-07	-1.0	-3.278254894212296e-07	1.0	1.7925428608123184e-07
1.0	-1.0	1.0	0.0004096559132449329	0.3337428867816925	0	0	0	0	0	0	1.0	3.2782537573439186e-07	5.662441253662109e-07	5.662440685227921e-07	1.7925447082234314e-07	-1.0	-3.278254894212296e-07	1.0	1.7925428608123184e-07
0.9999993443489075	1.0	1.0000005960464478	0.33292365074157715	0.999590277671814	0	0	0	0	0	0	-4.768372150465439e-07	8.940690321423972e-08	1.0	1.0	5.37763185093354e-07	4.76837158203125e-07	-5.377631282499351e-07	1.0	-8.940715900962459e-08
-1.0000003576278687	1.0	0.9999996423721313	0.00040953810093924403	0.9995904564857483	0	0	0	0	0	0	-4.768372150465439e-07	8.940690321423972e-08	1.0	1.0	5.37763185093354e-07	4.76837158203125e-07	-5.377631282499351e-07	1.0	-8.940715900962459e-08
-1.0000001192092896	-1.0	0.9999998211860657	0.00040953810093924403	0.6670761704444885	0	0	0	0	0	0	-4.768372150465439e-07	8.940690321423972e-08	1.0	1.0	5.37763185093354e-07	4.76837158203125e-07	-5.377631282499351e-07	1.0	-8.940715900962459e-08
-1.0000001192092896	-1.0	0.9999998211860657	0.6670762300491333	0.33292368054389954	0	0	0	0	0	0	-1.0	-1.1920931797249068e-07	-2.0861631355728605e-07	2.0861631355728605e-07	1.6940658945086007e-21	-1.0	1.1920931797249068e-07	-1.0	2.4869007610064768e-14
-1.0000003576278687	1.0	0.9999996423721313	0.6670763492584229	0.00040953810093924403	0	0	0	0	0	0	-1.0	-1.1920931797249068e-07	-2.0861631355728605e-07	2.0861631355728605e-07	1.6940658945086007e-21	-1.0	1.1920931797249068e-07	-1.0	2.4869007610064768e-14
-0.9999999403953552	1.0	-1.0	0.9995904564857483	0.00040953810093924403	0	0	0	0	0	0	-1.0	-1.1920931797249068e-07	-2.0861631355728605e-07	2.0861631355728605e-07	1.6940658945086007e-21	-1.0	1.1920931797249068e-07	-1.0	2.4869007610064768e-14
1.0	-1.0	-0.9999999403953552	0.6662571430206299	0.33292368054389954	0	0	0	0	0	0	2.0861631355728605e-07	1.7881397695873602e-07	-1.0	1.0	-2.6888176307693357e-07	2.086162709247219e-07	-2.6888173465522414e-07	-1.0	-1.7881403380215488e-07
-0.9999996423721313	-1.0	-1.0000003576278687	0.33374303579330444	0.3329237699508667	0	0	0	0	0	0	2.0861631355728605e-07	1.7881397695873602e-07	-1.0	1.0	-2.68881791498643e-07	2.0861628513557662e-07	-2.6888176307693357e-07	-1.0	-1.788140480130096e-07
-0.9999999403953552	1.0	-1.0	0.3337429165840149	0.0004096362681593746	0	0	0	0	0	0	2.0861631355728605e-07	1.7881397695873602e-07	-1.0	1.0	-2.6888176307693357e-07	2.086162709247219e-07	-2.6888173465522414e-07	-1.0	-1.7881403380215488e-07
-0.0813593864440918	0.5323675870895386	0.12223225831985474	0.9219359755516052	0.333757609128952	0	0	0	0	0	0	0.09801609814167023	0.0	-0.9951848983764648	-0.9951827526092529	0.0020668271463364363	-0.09801588207483292	0.0020568750333040953	0.9999978542327881	0.00020258230506442487
-0.12668877840042114	0.5323675870895386	0.11776775121688843	0.9299705624580383	0.3337428569793701	0	0	0	0	0	0	0.09801609814167023	0.0	-0.9951848983764648	-0.9951827526092529	0.0020668271463364363	-0.09801588207483292	0.0020568750333040953	0.9999978542327881	0.00020258230506442487
-0.12668877840042114	3.4698877334594727	0.11776775121688843	0.9299707412719727	0.7940576672554016	1.0	1	0.0	0	0.0	0	0.09801609814167023	0.0	-0.9951848983764648	-0.9951827526092529	0.0020668271463364363	-0.09801588207483292	0.0020568750333040953	0.9999978542327881	0.00020258230506442487
-0.12668877840042114	0.5323675870895386	0.11776775121688843	0.9396436214447021	0.3337576389312744	0	0	0	0	0	0	0.29028448462486267	0.0	-0.9569404125213623	-0.9569383859634399	0.0020709994714707136	-0.2902838885784149	0.0019818227738142014	0.9999978542327881	0.0006011789664626122
-0.1702762246131897	0.5323675870895386	0.10454565286636353	0.9476782083511353	0.3337428569793701	0	0	0	0	0	0	0.29028448462486267	0.0	-0.9569404125213623	-0.9569383263587952	0.0020709994714707136	-0.2902838885784149	0.001981823006644845	0.9999979138374329	0.0006011790246702731
-0.1702762246131897	3.4698877334594727	0.10454565286636353	0.9476783871650696	0.7940578460693359	1.0	1	0.0	0	0.0	0	0.29028448462486267	0.0	-0.9569404125213623	-0.9569383263587952	0.0020709994714707136	-0.29028385877609253	0.001981823006644845	0.9999979138374329	0.0006011790246702731
-0.1702762246131897	0.5323675870895386	0.10454565286636353	0.7713592052459717	0.3337577283382416	0	0	0	0	0	0	0.4713975191116333	0.0	-0.8819208741188049	-0.8819189667701721	0.002083519008010626	-0.47139647603034973	0.00183749885763973	0.9999978542327881	0.0009821656858548522
-0.21044671535491943	0.5323675870895386	0.08307403326034546	0.7793937921524048	0.3337428569793701	0	0	0	0	0	0	0.4713975191116333	0.0	-0.8819208741188049	-0.8819189667701721	0.002083519008010626	-0.47139647603034973	0.00183749885763973	0.9999978542327881	0.0009821656858548522
-0.21044671535491943	3.4698877334594727	0.08307403326034546	0.7793987989425659	0.7940583229064941	1.0	1	0.0	0	0.0	0	0.4713975191116333	0.0	-0.8819208741188049	-0.8819189667701721	0.002083519008010626	-0.47139647603034973	0.00183749885763973	0.9999978542327881	0.0009821656858548522
-0.24565637111663818	0.5323675870895386	0.05417829751968384	0.8591217398643494	0.3337428569793701	0	0	0	0	0	0	0.6343922019004822	0.0	-0.7730112671852112	-0.7730096578598022	0.002083531115204096	-0.6343908309936523	0.0016105930553749204	0.9999977946281433	0.0013217759551480412
-0.27455222606658936	0.5323675870895386	0.018968582153320312	0.7882524728775024	0.3337428569793701	0	0	0	0	0	0	0.7730105519294739	0.0	-0.6343931555747986	-0.6343917846679688	0.002083522267639637	-0.7730089426040649	0.0013217722298577428	0.9999978542327881	0.0016105847898870707
-0.27455222606658936	0.5323675870895386	0.018968582153320312	0.8865165114402771	0.33375757932662964	0	0	0	0	0	0	0.881921648979187	0.0	-0.4713960289955139	-0.4713950455188751	0.0020626496989279985	-0.8819197416305542	0.0009723248658701777	0.9999978542327881	0.0018190954579040408
-0.29602372646331787	0.5323675870895386	-0.02120184898376465	0.8945510983467102	0.3337428569793701	0	0	0	0	0	0	0.881921648979187	0.0	-0.4713960289955139	-0.4713950455188751	0.0020626496989279985	-0.8819197416305542	0.0009723248658701777	0.9999978542327881	0.0018190954579040408
-0.29602372646331787	3.4698877334594727	-0.02120184898376465	0.8945491909980774	0.7940577268600464	1.0	1	0.0	0	0.0	0	0.881921648979187	0.0	-0.4713960289955139	-0.4713950455188751	0.0020626496989279985	-0.8819197416305542	0.0009723248658701777	0.9999978542327881	0.0018190954579040408
