213	74	2
1.0	-1.0	-1.0009865760803223	0.23314549028873444	0.53725266456604	1.0	0	0.0	0	0.0	0	0.0	-1.0	0.0	-9.607332174255134e-08	0.0	-1.0	1.0	0.0	-9.607332174255134e-08
-1.0000001192092896	-1.0	0.9990131855010986	0.0004924069507978857	0.3045995831489563	1.0	0	0.0	0	0.0	0	0.0	-1.0	0.0	-9.607330042626927e-08	0.0	-1.0	1.0	0.0	-9.607330042626927e-08
-0.9999996423721313	-1.0	-1.000986933708191	0.23314546048641205	0.30459967255592346	1.0	0	0.0	0	0.0	0	0.0	-1.0	0.0	-1.9214661506339326e-07	0.0	-1.0	1.0	0.0	-1.9214661506339326e-07
-0.9999999403953552	1.0	-1.0009865760803223	0.30459895730018616	0.23314550518989563	1.0	0	0.0	0	0.0	0	0.0	1.0	0.0	1.0	0.0	-8.182569644077375e-08	-8.182569644077375e-08	0.0	-1.0
0.9999993443489075	1.0	0.9990140199661255	0.5372519493103027	0.0004924069507978857	1.0	0	0.0	0	0.0	0	0.0	1.0	0.0	1.0	0.0	-8.182569644077375e-08	-8.182569644077375e-08	0.0	-1.0
1.0000004768371582	1.0	-1.000986099243164	0.5372520685195923	0.23314543068408966	1.0	0	0.0	0	0.0	0	0.0	1.0	0.0	1.0	0.0	-8.182570354620111e-08	-8.182570354620111e-08	0.0	-1.0
1.0000004768371582	1.0	-1.000986099243164	0.5372519493103027	0.7004212141036987	1.0	0	0.0	0	0.0	0	1.0	-2.384185791015625e-07	0.0	3.054087744421702e-14	1.2809772442778922e-07	-1.0	2.384185791015625e-07	1.0	1.2809772442778922e-07
1.0	-1.0	0.9990134239196777	0.30459898710250854	0.46776822209358215	1.0	0	0.0	0	0.0	0	1.0	-2.384185791015625e-07	0.0	3.054087744421702e-14	1.2809772442778922e-07	-1.0	2.384185791015625e-07	1.0	1.2809772442778922e-07
1.0	-1.0	-1.0009865760803223	0.5372520089149475	0.46776819229125977	1.0	0	0.0	0	0.0	0	1.0	-2.384185791015625e-07	0.0	3.054087744421702e-14	1.2809772442778922e-07	-1.0	2.384185791015625e-07	1.0	1.2809772442778922e-07
0.9999993443489075	1.0	0.9990140199661255	0.7708898186683655	0.23314543068408966	1.0	0	0.0	0	0.0	0	-1.1920928955078125e-07	-2.9802325229866256e-07	1.0	1.0	6.404886221389461e-08	1.1920930376163597e-07	-6.40488977410314e-08	1.0	2.9802325229866256e-07
-1.0000001192092896	-1.0	0.9990131855010986	0.5382368564605713	0.0004924209206365049	1.0	0	0.0	0	0.0	0	-1.1920928955078125e-07	-2.9802325229866256e-07	1.0	1.0	6.404886221389461e-08	1.1920930376163597e-07	-6.40488977410314e-08	1.0	2.9802325229866256e-07
1.0	-1.0	0.9990134239196777	0.7708898782730103	0.0004924069507978857	1.0	0	0.0	0	0.0	0	-1.1920928955078125e-07	-2.9802325229866256e-07	1.0	1.0	6.404886931932197e-08	1.1920930376163597e-07	-6.404890484645875e-08	1.0	2.9802325229866256e-07
-1.0000001192092896	-1.0	0.9990131855010986	0.0004924069507978857	0.770890474319458	1.0	0	0.0	0	0.0	0	-1.0	-1.4901158351676713e-07	-2.384185791015625e-07	2.384185791015625e-07	0.0	-1.0	1.4901158351676713e-07	-1.0	3.552713001174143e-14
-0.9999999403953552	1.0	-1.0009865760803223	0.23314546048641205	0.538237452507019	1.0	0	0.0	0	0.0	0	-1.0	-1.4901158351676713e-07	-2.384185791015625e-07	2.384185791015625e-07	0.0	-1.0	1.4901158351676713e-07	-1.0	3.552713001174143e-14
-0.9999996423721313	-1.0	-1.000986933708191	0.23314546048641205	0.770890474319458	1.0	0	0.0	0	0.0	0	-1.0	-1.4901158351676713e-07	-2.384185791015625e-07	2.384185791015625e-07	0.0	-1.0	1.4901158351676713e-07	-1.0	3.552713001174143e-14
1.0	-1.0	-1.0009865760803223	0.5372520089149475	0.466783344745636	1.0	0	0.0	0	0.0	0	2.3841852225814364e-07	2.3841852225814364e-07	-1.0	1.0	-3.8429305959652993e-07	2.3841843699301535e-07	-3.8429300275311107e-07	-1.0	-2.3841860752327193e-07
-0.9999999403953552	1.0	-1.0009865760803223	0.3045988976955414	0.2341303825378418	1.0	0	0.0	0	0.0	0	2.3841852225814364e-07	2.3841852225814364e-07	-1.0	1.0	-3.8429305959652993e-07	2.3841843699301535e-07	-3.8429300275311107e-07	-1.0	-2.3841860752327193e-07
1.0000004768371582	1.0	-1.000986099243164	0.5372520089149475	0.23413029313087463	1.0	0	0.0	0	0.0	0	2.3841852225814364e-07	2.3841852225814364e-07	-1.0	1.0	-3.8429308801823936e-07	2.3841843699301535e-07	-3.842930311748205e-07	-1.0	-2.3841860752327193e-07
-3.560262484825216e-08	-2.2571558952331543	-1.3101837635040283	0.7837425470352173	0.23413029313087463	1.0	1	0.0	0	0.0	0	0.0877537876367569	0.4454883337020874	-0.8909767270088196	-0.9961421489715576	0.039244089275598526	-0.07848966866731644	-6.593763259843399e-07	0.8944272398948669	0.4472135007381439
-3.560262484825216e-08	0.3612387180328369	-0.0009865204337984324	0.7837425470352173	0.5746680498123169	1.0	1	0.0	0	0.0	0	0.0877537876367569	0.4454883337020874	-0.8909767270088196	-0.9961422085762024	0.039244089275598526	-0.07848966866731644	-6.593763259843399e-07	0.8944271802902222	0.44721347093582153
0.25541168451309204	-2.2571558952331543	-1.2850278615951538	0.7539160251617432	0.23543894290924072	1.0	1	0.0	0	0.0	0	0.0877537876367569	0.4454883337020874	-0.8909767270088196	-0.9961422681808472	0.039244093000888824	-0.07848967611789703	-6.593763828277588e-07	0.8944272398948669	0.4472135007381439
0.25541168451309204	-2.2571558952331543	-1.2850278615951538	0.9686962962150574	0.5756528377532959	1.0	1	0.0	0	0.0	0	0.25988858938217163	0.44548824429512024	-0.856736958026886	-0.9569402933120728	3.329371622839972e-08	-0.2902849614620209	-0.129318505525589	0.8952878713607788	0.4263056516647339
-3.560262484825216e-08	0.3612387180328369	-0.0009865204337984324	0.9537690281867981	0.9158632755279541	1.0	1	0.0	0	0.0	0	0.25988858938217163	0.44548824429512024	-0.856736958026886	-0.956940233707428	2.6655428086996835e-08	-0.2902849316596985	-0.1293184906244278	0.895287811756134	0.4263056218624115
0.5010080933570862	-2.2571558952331543	-1.210526943206787	0.9388412237167358	0.5756528377532959	1.0	1	0.0	0	0.0	0	0.25988858938217163	0.44548824429512024	-0.856736958026886	-0.956940233707428	2.6655428086996835e-08	-0.2902849316596985	-0.1293184906244278	0.895287811756134	0.4263056218624115
0.5010080933570862	-2.2571558952331543	-1.210526943206787	0.6604974269866943	0.23413029313087463	1.0	1	0.0	0	0.0	0	0.4220355451107025	0.4454883337020874	-0.7895733714103699	-0.890279233455658	0.039245810359716415	-0.4537208378314972	-0.1711399108171463	0.8944271802902222	0.41317218542099
-3.560262484825216e-08	0.3612387180328369	-0.0009865204337984324	0.6604974269866943	0.5746679902076721	1.0	1	0.0	0	0.0	0	0.4220355451107025	0.4454883337020874	-0.7895733714103699	-0.8902792930603027	0.03924582526087761	-0.45372089743614197	-0.1711399108171463	0.8944271802902222	0.41317218542099
0.7273510098457336	-2.2571558952331543	-1.0895441770553589	0.6306709051132202	0.2354390025138855	1.0	1	0.0	0	0.0	0	0.4220355451107025	0.4454883337020874	-0.7895733714103699	-0.890279233455658	0.03924582153558731	-0.4537208676338196	-0.1711399108171463	0.8944271206855774	0.4131721258163452
0.7273510098457336	-2.2571558952331543	-1.0895441770553589	0.6913086771965027	0.5756528377532959	1.0	1	0.0	0	0.0	0	0.5679640173912048	0.445488303899765	-0.6920672059059143	-0.784656286239624	0.0392448753118515	-0.618687629699707	-0.24845801293849945	0.8944271802902222	0.3718448579311371
-3.560262484825216e-08	0.3612387180328369	-0.0009865204337984324	0.6913086771965027	0.916190505027771	1.0	1	0.0	0	0.0	0	0.5679640173912048	0.445488303899765	-0.6920672059059143	-0.7846563458442688	0.03924485296010971	-0.618687629699707	-0.24845802783966064	0.8944272398948669	0.3718448579311371
0.9257422685623169	-2.2571558952331543	-0.9267288446426392	0.6614822149276733	0.5769615173339844	1.0	1	0.0	0	0.0	0	0.5679640173912048	0.445488303899765	-0.6920672059059143	-0.784656286239624	0.039244890213012695	-0.618687629699707	-0.24845799803733826	0.8944271802902222	0.3718448877334595
0.9257422685623169	-2.2571558952331543	-0.9267288446426392	0.9378276467323303	0.23413029313087463	1.0	1	0.0	0	0.0	0	0.6920668482780457	0.4454883635044098	-0.567964494228363	-0.6343932747840881	4.489504590310389e-08	-0.7730104923248291	-0.3443671464920044	0.895287811756134	0.2826148569583893
-3.560262484825216e-08	0.3612387180328369	-0.0009865204337984324	0.9229002594947815	0.5743408203125	1.0	1	0.0	0	0.0	0	0.6920668482780457	0.4454883635044098	-0.567964494228363	-0.6343932747840881	4.489504590310389e-08	-0.7730104923248291	-0.3443671464920044	0.895287811756134	0.2826148569583893
1.0885578393936157	-2.2571558952331543	-0.7283375263214111	0.9079724550247192	0.23413029313087463	1.0	1	0.0	0	0.0	0	0.6920668482780457	0.4454883635044098	-0.567964494228363	-0.6343932747840881	4.489504590310389e-08	-0.7730104923248291	-0.3443671464920044	0.895287811756134	0.2826148569583893
1.0885578393936157	-2.2571558952331543	-0.7283375263214111	0.7221198081970215	0.5756529569625854	1.0	1	0.0	0	0.0	0	0.7895736694335938	0.4454883337020874	-0.42203500866889954	-0.4881649911403656	0.03924493119120598	-0.8718684911727905	-0.3718445301055908	0.8944271206855774	0.24845857918262482
-3.560262484825216e-08	0.3612387180328369	-0.0009865204337984324	0.7221198678016663	0.9161918759346008	1.0	1	0.0	0	0.0	0	0.7895736694335938	0.4454883337020874	-0.42203500866889954	-0.4881649911403656	0.03924493491649628	-0.8718684911727905	-0.3718445301055908	0.8944271206855774	0.24845857918262482
1.2095404863357544	-2.2571558952331543	-0.5019946098327637	0.6922934651374817	0.5769616365432739	1.0	1	0.0	0	0.0	0	0.7895736694335938	0.4454883337020874	-0.42203500866889954	-0.4881649613380432	0.039244960993528366	-0.8718685507774353	-0.37184450030326843	0.8944271802902222	0.24845857918262482
1.2095404863357544	-2.2571558952331543	-0.5019946098327637	0.9995075464248657	0.23413029313087463	1.0	1	0.0	0	0.0	0	0.8567368984222412	0.4454883933067322	-0.2598887085914612	-0.2902850806713104	-7.707576799020899e-08	-0.956940233707428	-0.42630574107170105	0.8952877521514893	0.12931855022907257
-3.560262484825216e-08	0.3612387180328369	-0.0009865204337984324	0.984580397605896	0.5743418335914612	1.0	1	0.0	0	0.0	0	0.8567368984222412	0.4454883933067322	-0.2598887085914612	-0.2902851104736328	-7.043748695423346e-08	-0.9569402933120728	-0.42630577087402344	0.8952877521514893	0.12931856513023376
1.284041404724121	-2.2571558952331543	-0.2563982605934143	0.969652533531189	0.23413029313087463	1.0	1	0.0	0	0.0	0	0.8567368984222412	0.4454883933067322	-0.2598887085914612	-0.2902850806713104	-7.707576799020899e-08	-0.956940233707428	-0.42630574107170105	0.8952877521514893	0.12931855022907257
1.284041404724121	-2.2571558952331543	-0.2563982605934143	0.29482540488243103	0.6461222171783447	1.0	1	0.0	0	0.0	0	0.8909767270088196	0.4454883635044098	-0.0877537950873375	-0.09801740199327469	-3.656173319654954e-08	-0.9951847195625305	-0.4433431625366211	0.8952877521514893	0.0436655730009079
-3.560262484825216e-08	0.3612387180328369	-0.0009865204337984324	0.2798980176448822	0.9863325953483582	1.0	1	0.0	0	0.0	0	0.8909767270088196	0.4454883635044098	-0.0877537950873375	-0.09801740199327469	-3.32425891258481e-08	-0.9951847195625305	-0.4433431625366211	0.8952877521514893	0.043665576726198196
1.3091973066329956	-2.2571558952331543	-0.0009866192704066634	0.26497024297714233	0.6461222171783447	1.0	1	0.0	0	0.0	0	0.8909767270088196	0.4454883635044098	-0.0877537950873375	-0.09801740199327469	-2.992344150243298e-08	-0.9951847195625305	-0.4433431625366211	0.8952877521514893	0.043665580451488495
1.3091973066329956	-2.2571558952331543	-0.0009866192704066634	0.9069876670837402	0.23413029313087463	1.0	1	0.0	0	0.0	0	0.8909766674041748	0.4454883337020874	0.0877537876367569	0.07848922163248062	0.03924497961997986	-0.9961421489715576	-0.4472135901451111	0.8944271206855774	3.27825517842939e-07
-3.560262484825216e-08	0.3612387180328369	-0.0009865204337984324	0.9069876670837402	0.5746680498123169	1.0	1	0.0	0	0.0	0	0.8909766674041748	0.4454883337020874	0.0877537876367569	0.07848922163248062	0.03924497961997986	-0.9961422085762024	-0.44721361994743347	0.8944271802902222	3.2782554626464844e-07
1.284041404724121	-2.2571558952331543	0.2544250786304474	0.8771612048149109	0.2354389727115631	1.0	1	0.0	0	0.0	0	0.8909766674041748	0.4454883337020874	0.0877537876367569	0.07848922163248062	0.03924497961997986	-0.9961422085762024	-0.44721361994743347	0.8944271802902222	3.2782554626464844e-07
1.284041404724121	-2.2571558952331543	0.2544250786304474	0.5988747477531433	0.5756529569625854	1.0	1	0.0	0	0.0	0	0.8567370176315308	0.4454883635044098	0.2598882019519806	0.27131927013397217	0.03924315795302391	-0.9616891145706177	-0.43862009048461914	0.8944272398948669	-0.08724850416183472
-3.560262484825216e-08	0.3612387180328369	-0.0009865204337984324	0.5988747477531433	0.916190505027771	1.0	1	0.0	0	0.0	0	0.8567370176315308	0.4454883635044098	0.2598882019519806	0.27131927013397217	0.03924315795302391	-0.9616891145706177	-0.43862009048461914	0.8944272398948669	-0.08724850416183472
1.209540605545044	-2.2571558952331543	0.5000213384628296	0.5690482258796692	0.5769615769386292	1.0	1	0.0	0	0.0	0	0.8567370176315308	0.4454883635044098	0.2598882019519806	0.2713192403316498	0.03924315795302391	-0.9616889953613281	-0.43862009048461914	0.8944271802902222	-0.08724849671125412
1.209540605545044	-2.2571558952331543	0.5000213384628296	0.9378563165664673	0.5756528377532959	1.0	1	0.0	0	0.0	0	0.7895735502243042	0.4454882740974426	0.4220351278781891	0.4713961184024811	-7.438978144591601e-08	-0.8819215893745422	-0.3928857445716858	0.895287811756134	-0.21000152826309204
-3.560262484825216e-08	0.3612387180328369	-0.0009865204337984324	0.9229289293289185	0.9158633947372437	1.0	1	0.0	0	0.0	0	0.7895735502243042	0.4454882740974426	0.4220351278781891	0.4713961184024811	-6.11131980576829e-08	-0.8819215893745422	-0.3928857445716858	0.895287811756134	-0.21000151336193085
1.0885578393936157	-2.2571558952331543	0.7263644933700562	0.9080011248588562	0.5756528377532959	1.0	1	0.0	0	0.0	0	0.7895735502243042	0.4454882740974426	0.4220351278781891	0.4713961184024811	-6.11131980576829e-08	-0.8819215893745422	-0.3928857445716858	0.895287811756134	-0.21000151336193085
1.0885578393936157	-2.2571558952331543	0.7263644933700562	0.6296859979629517	0.5756529569625854	1.0	1	0.0	0	0.0	0	0.6920668482780457	0.4454883635044098	0.567964494228363	0.6186888217926025	0.039243049919605255	-0.7846553325653076	-0.37184348702430725	0.8944272398948669	-0.2484598606824875
-3.560262484825216e-08	0.3612387180328369	-0.0009865204337984324	0.6296858191490173	0.9161907434463501	1.0	1	0.0	0	0.0	0	0.6920668482780457	0.4454883635044098	0.567964494228363	0.6186888813972473	0.03924306482076645	-0.7846553325653076	-0.37184351682662964	0.8944272994995117	-0.2484598457813263
0.9257422685623169	-2.2571558952331543	0.9247558116912842	0.5998595356941223	0.5769615769386292	1.0	1	0.0	0	0.0	0	0.6920668482780457	0.4454883635044098	0.567964494228363	0.6186888813972473	0.03924307972192764	-0.7846553921699524	-0.37184348702430725	0.8944272398948669	-0.2484598457813263
0.9257422685623169	-2.2571558952331543	0.9247558116912842	0.9686676263809204	0.23413029313087463	1.0	1	0.0	0	0.0	0	0.5679646730422974	0.4454883635044098	0.6920666694641113	0.7730104327201843	-5.827384796930346e-08	-0.6343934535980225	-0.2826148569583893	0.8952877521514893	-0.344367116689682
-3.560262484825216e-08	0.3612387180328369	-0.0009865204337984324	0.9537402391433716	0.5743408203125	1.0	1	0.0	0	0.0	0	0.5679646730422974	0.4454883635044098	0.6920666694641113	0.7730103135108948	-4.499724326478827e-08	-0.6343934535980225	-0.2826148569583893	0.8952877521514893	-0.344367116689682
0.7273509502410889	-2.2571558952331543	1.087571382522583	0.9388125538825989	0.23413029313087463	1.0	1	0.0	0	0.0	0	0.5679646730422974	0.4454883635044098	0.6920666694641113	0.7730103731155396	-5.8273833758448745e-08	-0.6343934535980225	-0.2826148569583893	0.8952877521514893	-0.3443671464920044
0.7273509502410889	-2.2571558952331543	1.087571382522583	0.8145538568496704	0.23413029313087463	1.0	1	0.0	0	0.0	0	0.4220355451107025	0.4454883635044098	0.7895733714103699	0.8718680143356323	0.03924589231610298	-0.4881660044193268	-0.24845978617668152	0.8944271802902222	-0.3718438744544983
-3.560262484825216e-08	0.3612387180328369	-0.0009865204337984324	0.8145537972450256	0.5746681094169617	1.0	1	0.0	0	0.0	0	0.4220355451107025	0.4454883635044098	0.7895733714103699	0.8718679547309875	0.03924587741494179	-0.4881660044193268	-0.24845977127552032	0.8944271206855774	-0.3718438744544983
0.5010078549385071	-2.2571558952331543	1.2085542678833008	0.7847273349761963	0.2354390025138855	1.0	1	0.0	0	0.0	0	0.4220355451107025	0.4454883635044098	0.7895733714103699	0.8718678951263428	0.03924587368965149	-0.488165944814682	-0.24845974147319794	0.8944270610809326	-0.3718438744544983
0.5010078549385071	-2.2571558952331543	1.2085542678833008	0.6296860575675964	0.23413029313087463	1.0	1	0.0	0	0.0	0	0.259888231754303	0.4454883635044098	0.8567370772361755	0.9503515958786011	0.03924664109945297	-0.30869346857070923	-0.17114338278770447	0.8944271206855774	-0.41317078471183777
-3.560262484825216e-08	0.3612387180328369	-0.0009865204337984324	0.6296861171722412	0.5746681094169617	1.0	1	0.0	0	0.0	0	0.259888231754303	0.4454883635044098	0.8567370772361755	0.9503515958786011	0.03924664855003357	-0.30869343876838684	-0.17114336788654327	0.8944271206855774	-0.4131707549095154
0.25541138648986816	-2.2571558952331543	1.283055067062378	0.5998595952987671	0.23543903231620789	1.0	1	0.0	0	0.0	0	0.259888231754303	0.4454883635044098	0.8567370772361755	0.9503515958786011	0.03924664482474327	-0.30869346857070923	-0.17114338278770447	0.8944271206855774	-0.41317081451416016
0.25541138648986816	-2.2571558952331543	1.283055067062378	0.7837712168693542	0.5756529569625854	1.0	1	0.0	0	0.0	0	0.08775310218334198	0.4454883933067322	0.8909767866134644	0.9951847791671753	5.8299399086081394e-08	-0.09801667928695679	-0.04366534203290939	0.895287811756134	-0.44334328174591064
-3.560262484825216e-08	0.3612387180328369	-0.0009865204337984324	0.7688438892364502	0.9158635139465332	1.0	1	0.0	0	0.0	0	0.08775310218334198	0.4454883933067322	0.8909767866134644	0.9951848387718201	5.498025501537995e-08	-0.09801669418811798	-0.043665338307619095	0.8952877521514893	-0.44334325194358826
-4.6219327032304136e-07	-2.2571558952331543	1.308210849761963	0.7539160251617432	0.5756529569625854	1.0	1	0.0	0	0.0	0	0.08775310218334198	0.4454883933067322	0.8909767866134644	0.9951847791671753	5.8299399086081394e-08	-0.09801667928695679	-0.04366534203290939	0.895287811756134	-0.44334328174591064
-4.6219327032304136e-07	-2.2571558952331543	1.308210849761963	0.263956755399704	0.3045995831489563	1.0	1	0.0	0	0.0	0	-0.08775373548269272	0.44548842310905457	0.8909767270088196	0.9961422681808472	0.039246734231710434	0.078488290309906	-2.3022296318231383e-06	0.8944270610809326	-0.4472138285636902
-3.560262484825216e-08	0.3612387180328369	-0.0009865204337984324	0.26395681500434875	0.6451374292373657	1.0	1	0.0	0	0.0	0	-0.08775373548269272	0.44548842310905457	0.8909767270088196	0.9961422085762024	0.039246730506420135	0.078488290309906	-2.2985043415246764e-06	0.8944271206855774	-0.4472138583660126
-0.2554122805595398	-2.2571558952331543	1.2830549478530884	0.23413029313087463	0.30590832233428955	1.0	1	0.0	0	0.0	0	-0.08775373548269272	0.44548842310905457	0.8909767270088196	0.9961421489715576	0.039246730506420135	0.07848828285932541	-2.302229404449463e-06	0.8944270610809326	-0.4472138285636902
-0.2554122805595398	-2.2571558952331543	1.2830549478530884	0.9070163369178772	0.5756528377532959	1.0	1	0.0	0	0.0	0	-0.2598888576030731	0.4454883635044098	0.8567368388175964	0.9569401741027832	1.3174354940304056e-09	0.29028528928756714	0.1293186992406845	0.8952876925468445	-0.4263056516647339
-3.560262484825216e-08	0.3612387180328369	-0.0009865204337984324	0.8920888900756836	0.9158633351325989	1.0	1	0.0	0	0.0	0	-0.2598888576030731	0.4454883635044098	0.8567368388175964	0.956940233707428	1.317436049141918e-09	0.29028528928756714	0.1293186992406845	0.8952877521514893	-0.4263056814670563
-0.5010087490081787	-2.2571558952331543	1.2085539102554321	0.8771612048149109	0.5756528377532959	1.0	1	0.0	0	0.0	0	-0.2598888576030731	0.4454883635044098	0.8567368388175964	0.9569401741027832	1.3174354940304056e-09	0.29028528928756714	0.1293186992406845	0.8952876925468445	-0.4263056516647339
-0.5010087490081787	-2.2571558952331543	1.2085539102554321	0.5680633187294006	0.5756529569625854	1.0	1	0.0	0	0.0	0	-0.42203596234321594	0.44548842310905457	0.7895731329917908	0.8902787566184998	0.03924480453133583	0.4537217617034912	0.17114116251468658	0.8944271802902222	-0.413171648979187
-3.560262484825216e-08	0.3612387180328369	-0.0009865204337984324	0.5680632591247559	0.9161908626556396	1.0	1	0.0	0	0.0	0	-0.42203596234321594	0.44548842310905457	0.7895731329917908	0.8902788162231445	0.03924482315778732	0.453721821308136	0.17114116251468658	0.8944271802902222	-0.413171648979187
-0.727351725101471	-2.2571558952331543	1.0875709056854248	0.5382368564605713	0.5769616365432739	1.0	1	0.0	0	0.0	0	-0.42203596234321594	0.44548842310905457	0.7895731329917908	0.8902788758277893	0.03924481198191643	0.453721821308136	0.17114116251468658	0.8944271802902222	-0.4131716787815094
-0.727351725101471	-2.2571558952331543	1.0875709056854248	0.26398545503616333	0.6461222767829895	1.0	1	0.0	0	0.0	0	-0.5679652690887451	0.44548824429512024	0.6920662522315979	0.7730093598365784	-1.6720375697332202e-06	0.6343947052955627	0.2826165556907654	0.8952878713607788	-0.34436559677124023
-3.560262484825216e-08	0.3612387180328369	-0.0009865204337984324	0.24905803799629211	0.9863327145576477	1.0	1	0.0	0	0.0	0	-0.5679652690887451	0.44548824429512024	0.6920662522315979	0.7730093002319336	-1.6720374560463824e-06	0.6343947052955627	0.2826165556907654	0.8952877521514893	-0.34436559677124023
-0.9257429242134094	-2.2571558952331543	0.9247552156448364	0.23413029313087463	0.6461222171783447	1.0	1	0.0	0	0.0	0	-0.5679652690887451	0.44548824429512024	0.6920662522315979	0.7730093002319336	-1.6720374560463824e-06	0.6343947052955627	0.2826165556907654	0.8952877521514893	-0.34436559677124023
-0.9257429242134094	-2.2571558952331543	0.9247552156448364	0.5988747477531433	0.23413029313087463	1.0	1	0.0	0	0.0	0	-0.6920670866966248	0.445488303899765	0.5679641366004944	0.6488780379295349	0.039243925362825394	0.7598796486854553	0.31622838973999023	0.8944272994995117	-0.3162270188331604
-3.560262484825216e-08	0.3612387180328369	-0.0009865204337984324	0.5988747477531433	0.5746681690216064	1.0	1	0.0	0	0.0	0	-0.6920670866966248	0.445488303899765	0.5679641366004944	0.6488780379295349	0.03924395516514778	0.7598797082901001	0.31622838973999023	0.8944272994995117	-0.3162270486354828
-1.088558316230774	-2.2571558952331543	0.7263637781143188	0.5690482258796692	0.23543894290924072	1.0	1	0.0	0	0.0	0	-0.6920670866966248	0.445488303899765	0.5679641366004944	0.6488780379295349	0.039243925362825394	0.7598797082901001	0.3162284195423126	0.8944272994995117	-0.3162270188331604
-1.088558316230774	-2.2571558952331543	0.7263637781143188	0.7529312372207642	0.23413029313087463	1.0	1	0.0	0	0.0	0	-0.7895735502243042	0.44548845291137695	0.42203521728515625	0.48816487193107605	0.03924400731921196	0.8718687295913696	0.3718450665473938	0.8944271802902222	-0.24845780432224274
-3.560262484825216e-08	0.3612387180328369	-0.0009865204337984324	0.7529312372207642	0.5746681690216064	1.0	1	0.0	0	0.0	0	-0.7895735502243042	0.44548845291137695	0.42203521728515625	0.4881648123264313	0.039244018495082855	0.8718686699867249	0.3718450665473938	0.8944271802902222	-0.24845781922340393
-1.2095410823822021	-2.2571558952331543	0.5000206232070923	0.7231047749519348	0.23543894290924072	1.0	1	0.0	0	0.0	0	-0.7895735502243042	0.44548845291137695	0.42203521728515625	0.48816484212875366	0.039244018495082855	0.8718686699867249	0.3718450665473938	0.8944271802902222	-0.24845783412456512
-1.2095410823822021	-2.2571558952331543	0.5000206232070923	0.8453651070594788	0.23413029313087463	1.0	1	0.0	0	0.0	0	-0.8567372560501099	0.445488303899765	0.25988733768463135	0.30869168043136597	0.03924490138888359	0.9503521919250488	0.41317152976989746	0.8944271802902222	-0.171141117811203
-3.560262484825216e-08	0.3612387180328369	-0.0009865204337984324	0.8453651070594788	0.5746680498123169	1.0	1	0.0	0	0.0	0	-0.8567372560501099	0.445488303899765	0.25988733768463135	0.30869168043136597	0.039244893938302994	0.9503522515296936	0.41317155957221985	0.8944272398948669	-0.1711411029100418
-1.2840416431427002	-2.2571558952331543	0.2544240951538086	0.8155386447906494	0.2354389727115631	1.0	1	0.0	0	0.0	0	-0.8567372560501099	0.445488303899765	0.25988733768463135	0.30869168043136597	0.03924490138888359	0.9503521919250488	0.41317152976989746	0.8944271802902222	-0.171141117811203
-1.2840416431427002	-2.2571558952331543	0.2544240951538086	0.8454511761665344	0.5756529569625854	1.0	1	0.0	0	0.0	0	-0.8909768462181091	0.4454883635044098	0.08775278180837631	0.09801717847585678	1.8074632635034504e-06	0.9951847791671753	0.44334298372268677	0.8952876925468445	-0.04366711154580116
-3.560262484825216e-08	0.3612387180328369	-0.0009865204337984324	0.8305238485336304	0.915863573551178	1.0	1	0.0	0	0.0	0	-0.8909768462181091	0.4454883635044098	0.08775278180837631	0.09801717847585678	1.8041438352156547e-06	0.9951847195625305	0.44334301352500916	0.8952877521514893	-0.04366711154580116
-1.3091973066329956	-2.2571558952331543	-0.000987784587778151	0.8155959844589233	0.5756530165672302	1.0	1	0.0	0	0.0	0	-0.8909768462181091	0.4454883635044098	0.08775278180837631	0.09801717102527618	1.8041438352156547e-06	0.9951847195625305	0.44334298372268677	0.8952876925468445	-0.04366711154580116
-1.3091973066329956	-2.2571558952331543	-0.000987784587778151	0.8761764168739319	0.23413029313087463	1.0	1	0.0	0	0.0	0	-0.89097660779953	0.4454883635044098	-0.08775438368320465	-0.07848993688821793	0.0392448790371418	0.9961421489715576	0.44721361994743347	0.8944271802902222	8.568167686462402e-08
-3.560262484825216e-08	0.3612387180328369	-0.0009865204337984324	0.8761764168739319	0.5746680498123169	1.0	1	0.0	0	0.0	0	-0.89097660779953	0.4454883635044098	-0.08775438368320465	-0.07848993688821793	0.0392448753118515	0.9961421489715576	0.44721361994743347	0.8944271802902222	8.568167686462402e-08
-1.284041166305542	-2.2571558952331543	-0.25639957189559937	0.8463498950004578	0.2354389727115631	1.0	1	0.0	0	0.0	0	-0.89097660779953	0.4454883635044098	-0.08775438368320465	-0.07848993688821793	0.0392448753118515	0.9961421489715576	0.44721361994743347	0.8944271802902222	8.568167686462402e-08
-1.284041166305542	-2.2571558952331543	-0.25639957189559937	0.8146111369132996	0.5756529569625854	1.0	1	0.0	0	0.0	0	-0.8567366600036621	0.4454883337020874	-0.2598894238471985	-0.2902858555316925	9.44069000752279e-08	0.9569399952888489	0.4263056218624115	0.8952877521514893	0.12931889295578003
-3.560262484825216e-08	0.3612387180328369	-0.0009865204337984324	0.7996837496757507	0.9158633947372437	1.0	1	0.0	0	0.0	0	-0.8567366600036621	0.4454883337020874	-0.2598894238471985	-0.2902858555316925	8.113030958156742e-08	0.9569399952888489	0.4263056218624115	0.8952877521514893	0.12931889295578003
-1.2095400094985962	-2.2571558952331543	-0.5019960403442383	0.7847560048103333	0.5756529569625854	1.0	1	0.0	0	0.0	0	-0.8567366600036621	0.4454883337020874	-0.2598894238471985	-0.2902858555316925	9.44069000752279e-08	0.9569399952888489	0.4263056218624115	0.8952877521514893	0.12931889295578003
-1.2095400094985962	-2.2571558952331543	-0.5019960403442383	0.5680633187294006	0.23413029313087463	1.0	1	0.0	0	0.0	0	-0.7895728349685669	0.4454883337020874	-0.4220365285873413	-0.45372283458709717	0.039243996143341064	0.8902783393859863	0.41317108273506165	0.8944272994995117	0.17114225029945374
-3.560262484825216e-08	0.3612387180328369	-0.0009865204337984324	0.5680634379386902	0.5746681094169617	1.0	1	0.0	0	0.0	0	-0.7895728349685669	0.4454883337020874	-0.4220365285873413	-0.45372289419174194	0.03924398496747017	0.8902783989906311	0.41317105293273926	0.8944272994995117	0.17114226520061493
-1.0885568857192993	-2.2571558952331543	-0.7283389568328857	0.5382368564605713	0.23543894290924072	1.0	1	0.0	0	0.0	0	-0.7895728349685669	0.4454883337020874	-0.4220365285873413	-0.45372283458709717	0.039243996143341064	0.8902783393859863	0.41317108273506165	0.8944272994995117	0.17114225029945374
-1.0885568857192993	-2.2571558952331543	-0.7283389568328857	0.6604974269866943	0.5756529569625854	1.0	1	0.0	0	0.0	0	-0.6920658946037292	0.4454883635044098	-0.5679656267166138	-0.6186894178390503	0.03924499824643135	0.784654974937439	0.37184441089630127	0.8944271802902222	0.24845878779888153
-3.560262484825216e-08	0.3612387180328369	-0.0009865204337984324	0.6604974269866943	0.9161907434463501	1.0	1	0.0	0	0.0	0	-0.6920658946037292	0.4454883635044098	-0.5679656267166138	-0.6186894178390503	0.03924499824643135	0.784654974937439	0.37184441089630127	0.8944271802902222	0.24845878779888153
-0.9257411360740662	-2.2571558952331543	-0.9267299175262451	0.6306709051132202	0.5769616365432739	1.0	1	0.0	0	0.0	0	-0.6920658946037292	0.4454883635044098	-0.5679656267166138	-0.6186894178390503	0.03924499824643135	0.784654974937439	0.37184441089630127	0.8944271802902222	0.24845878779888153
-0.9257411360740662	-2.2571558952331543	-0.9267299175262451	0.2947680950164795	0.3045995831489563	1.0	1	0.0	0	0.0	0	-0.5679636597633362	0.4454883635044098	-0.692067563533783	-0.7598801851272583	0.03924410790205002	0.6488775610923767	0.3162269592285156	0.8944272994995117	0.3162285387516022
-3.560262484825216e-08	0.3612387180328369	-0.0009865204337984324	0.2947681248188019	0.645137369632721	1.0	1	0.0	0	0.0	0	-0.5679636597633362	0.4454883635044098	-0.692067563533783	-0.7598802447319031	0.03924409672617912	0.6488775610923767	0.31622692942619324	0.8944272398948669	0.3162285089492798
-0.7273496389389038	-2.2571558952331543	-1.0895452499389648	0.26494160294532776	0.3059082329273224	1.0	1	0.0	0	0.0	0	-0.5679636597633362	0.4454883635044098	-0.692067563533783	-0.7598801851272583	0.03924410790205002	0.6488775610923767	0.3162269592285156	0.8944272994995117	0.3162285387516022
-0.7273496389389038	-2.2571558952331543	-1.0895452499389648	0.7221199870109558	0.23413029313087463	1.0	1	0.0	0	0.0	0	-0.42203426361083984	0.4454883635044098	-0.7895740270614624	-0.8718690872192383	0.03924497589468956	0.4881642460823059	0.24845831096172333	0.8944272398948669	0.3718447685241699
-3.560262484825216e-08	0.3612387180328369	-0.0009865204337984324	0.7221199870109558	0.5746681094169617	1.0	1	0.0	0	0.0	0	-0.42203426361083984	0.4454883635044098	-0.7895740270614624	-0.8718690872192383	0.03924497589468956	0.4881642460823059	0.24845831096172333	0.8944272398948669	0.3718447685241699
-0.5010063648223877	-2.2571558952331543	-1.210527777671814	0.6922934651374817	0.2354389727115631	1.0	1	0.0	0	0.0	0	-0.42203426361083984	0.4454883635044098	-0.7895740270614624	-0.8718690872192383	0.03924497589468956	0.4881642460823059	0.24845831096172333	0.8944272398948669	0.3718447685241699
-0.5010063648223877	-2.2571558952331543	-1.210527777671814	0.6913086771965027	0.23413029313087463	1.0	1	0.0	0	0.0	0	-0.25988706946372986	0.44548824429512024	-0.8567373752593994	-0.9503522515296936	0.03924483060836792	0.3086913228034973	0.1711408942937851	0.8944272398948669	0.41317158937454224
-3.560262484825216e-08	0.3612387180328369	-0.0009865204337984324	0.6913086771965027	0.5746681094169617	1.0	1	0.0	0	0.0	0	-0.25988706946372986	0.44548824429512024	-0.8567373752593994	-0.9503523111343384	0.03924483805894852	0.3086913228034973	0.1711408793926239	0.8944272398948669	0.41317155957221985
-0.2554098069667816	-2.2571558952331543	-1.2850282192230225	0.6614822149276733	0.2354389727115631	1.0	1	0.0	0	0.0	0	-0.25988706946372986	0.44548824429512024	-0.8567373752593994	-0.9503523707389832	0.03924484923481941	0.3086913526058197	0.1711408942937851	0.8944272994995117	0.41317158937454224
-0.2554098069667816	-2.2571558952331543	-1.2850282192230225	0.7529309391975403	0.5756529569625854	1.0	1	0.0	0	0.0	0	-0.08775317668914795	0.445488303899765	-0.8909766674041748	-0.9923141002655029	0.03924522176384926	0.11735660582780838	0.0872475728392601	0.8944271206855774	0.4386204183101654
-3.560262484825216e-08	0.3612387180328369	-0.0009865204337984324	0.7529309391975403	0.9161906242370605	1.0	1	0.0	0	0.0	0	-0.08775317668914795	0.445488303899765	-0.8909766674041748	-0.9923141002655029	0.03924522548913956	0.11735660582780838	0.0872475802898407	0.8944271206855774	0.4386204183101654
-3.560262484825216e-08	-2.2571558952331543	-1.3101837635040283	0.7231046557426453	0.5769616365432739	1.0	1	0.0	0	0.0	0	-0.08775317668914795	0.445488303899765	-0.8909766674041748	-0.9923141002655029	0.03924522548913956	0.11735660582780838	0.0872475802898407	0.8944271206855774	0.4386204183101654
0.25541138648986816	-2.2571558952331543	1.283055067062378	0.24866844713687897	0.26977843046188354	1.0	1	0.0	0	0.0	0	0.0	-1.0	0.0	0.8819201588630676	1.4210854715202004e-14	0.47139883041381836	-0.47139886021614075	0.0	0.8819202184677124
-1.2840416431427002	-2.2571558952331543	0.2544240951538086	0.0343283973634243	0.24866823852062225	1.0	1	0.0	0	0.0	0	0.0	-1.0	0.0	0.8819200992584229	1.4210853021136109e-14	0.4713987708091736	-0.47139880061149597	0.0	0.8819201588630676
1.284041404724121	-2.2571558952331543	-0.2563982605934143	0.26977846026420593	0.055439285933971405	1.0	1	0.0	0	0.0	0	0.0	-1.0	0.0	0.8819202184677124	1.4210856409267898e-14	0.47139886021614075	-0.47139883041381836	0.0	0.8819201588630676
1.0	-1.0	0.9990134239196777	0.0004924348322674632	0.53725266456604	1.0	0	0.0	0	0.0	0	0.0	-1.0	0.0	0.0	0.0	-1.0	1.0	0.0	0.0
-0.9999999403953552	1.0	-1.0009865760803223	0.30459895730018616	0.23314550518989563	1.0	0	0.0	0	0.0	0	0.0	1.0	0.0	1.0	0.0	1.2809776706035336e-07	1.2809776706035336e-07	0.0	-1.0
-1.0000003576278687	1.0	0.9990130662918091	0.3045988976955414	0.0004924905952066183	1.0	0	0.0	0	0.0	0	0.0	1.0	0.0	1.0	0.0	1.2809775284949865e-07	1.2809775284949865e-07	0.0	-1.0
0.9999993443489075	1.0	0.9990140199661255	0.5372519493103027	0.0004924069507978857	1.0	0	0.0	0	0.0	0	0.0	1.0	0.0	1.0	0.0	1.2809776706035336e-07	1.2809776706035336e-07	0.0	-1.0
1.0000004768371582	1.0	-1.000986099243164	0.5372519493103027	0.7004212141036987	1.0	0	0.0	0	0.0	0	1.0	3.2782537573439186e-07	5.662441253662109e-07	5.662441253662109e-07	-1.6940658945086007e-20	-1.0	-3.2782537573439186e-07	1.0	-1.8562920840216324e-13
0.9999993443489075	1.0	0.9990140199661255	0.3045988976955414	0.7004212141036987	1.0	0	0.0	0	0.0	0	1.0	3.2782537573439186e-07	5.662441253662109e-07	5.662441253662109e-07	1.6940658945086007e-21	-1.0	-3.2782537573439186e-07	1.0	-1.8562919484963608e-13
1.0	-1.0	0.9990134239196777	0.30459898710250854	0.46776822209358215	1.0	0	0.0	0	0.0	0	1.0	3.2782537573439186e-07	5.662441253662109e-07	5.662441253662109e-07	8.470329472543003e-22	-1.0	-3.2782537573439186e-07	1.0	-1.8562919484963608e-13
0.9999993443489075	1.0	0.9990140199661255	0.7708898186683655	0.23314543068408966	1.0	0	0.0	0	0.0	0	-4.768372150465439e-07	5.9604587931971764e-08	1.0	1.0	2.5619544885557843e-07	4.768372150465439e-07	-2.56195420433869e-07	1.0	-5.960470872423684e-08
-1.0000003576278687	1.0	0.9990130662918091	0.5382368564605713	0.23314549028873444	1.0	0	0.0	0	0.0	0	-4.768372150465439e-07	5.9604587931971764e-08	1.0	1.0	2.5619544885557843e-07	4.768372150465439e-07	-2.56195420433869e-07	1.0	-5.960470872423684e-08
-1.0000001192092896	-1.0	0.9990131855010986	0.5382368564605713	0.0004924209206365049	1.0	0	0.0	0	0.0	0	-4.768372150465439e-07	5.9604587931971764e-08	1.0	1.0	2.5619544885557843e-07	4.768372150465439e-07	-2.56195420433869e-07	1.0	-5.960470872423684e-08
-1.0000001192092896	-1.0	0.9990131855010986	0.0004924069507978857	0.770890474319458	1.0	0	0.0	0	0.0	0	-1.0	-1.1920930376163597e-07	-2.0861631355728605e-07	2.0861631355728605e-07	1.6940658945086007e-21	-1.0	1.1920930376163597e-07	-1.0	2.486900422193298e-14
-1.0000003576278687	1.0	0.9990130662918091	0.0004924488021060824	0.538237452507019	1.0	0	0.0	0	0.0	0	-1.0	-1.1920930376163597e-07	-2.0861631355728605e-07	2.0861631355728605e-07	1.6940658945086007e-21	-1.0	1.1920930376163597e-07	-1.0	2.486900422193298e-14
-0.9999999403953552	1.0	-1.0009865760803223	0.23314546048641205	0.538237452507019	1.0	0	0.0	0	0.0	0	-1.0	-1.1920930376163597e-07	-2.0861631355728605e-07	2.0861631355728605e-07	1.6940658945086007e-21	-1.0	1.1920930376163597e-07	-1.0	2.486900422193298e-14
1.0	-1.0	-1.0009865760803223	0.5372520089149475	0.466783344745636	1.0	0	0.0	0	0.0	0	1.7881397695873602e-07	1.7881397695873602e-07	-1.0	1.0	-2.561955056989973e-07	1.7881393432617188e-07	-2.5619547727728786e-07	-1.0	-1.7881401959130017e-07
-0.9999996423721313	-1.0	-1.000986933708191	0.30459898710250854	0.46678340435028076	1.0	0	0.0	0	0.0	0	1.7881397695873602e-07	1.7881397695873602e-07	-1.0	1.0	-2.561955341207067e-07	1.7881393432617188e-07	-2.561955056989973e-07	-1.0	-1.7881403380215488e-07
-0.9999999403953552	1.0	-1.0009865760803223	0.3045988976955414	0.2341303825378418	1.0	0	0.0	0	0.0	0	1.7881397695873602e-07	1.7881397695873602e-07	-1.0	1.0	-2.561955341207067e-07	1.7881393432617188e-07	-2.561955056989973e-07	-1.0	-1.7881401959130017e-07
-0.2554098069667816	-2.2571558952331543	-1.2850282192230225	0.055439405143260956	0.034328050911426544	1.0	1	0.0	0	0.0	0	0.0	-1.0	0.0	0.8819307088851929	0.0	0.47137928009033203	-0.47137925028800964	0.0	0.8819306492805481
-3.560262484825216e-08	-2.2571558952331543	-1.3101837635040283	0.08026297390460968	0.01774156652390957	1.0	1	0.0	0	0.0	0	0.0	-1.0	0.0	0.8819305896759033	0.0	0.47137925028800964	-0.47137928009033203	0.0	0.8819306492805481
0.25541168451309204	-2.2571558952331543	-1.2850278615951538	0.10784529149532318	0.006316715385764837	1.0	1	0.0	0	0.0	0	0.0	-1.0	0.0	0.8819306492805481	0.0	0.47137925028800964	-0.47137928009033203	0.0	0.8819307088851929
0.25541168451309204	-2.2571558952331543	-1.2850278615951538	0.10784529149532318	0.006316715385764837	1.0	1	0.0	0	0.0	0	0.0	-1.0	0.0	0.8819235563278198	0.0	0.471392422914505	-0.471392422914505	0.0	0.8819235563278198
0.5010080933570862	-2.2571558952331543	-1.210526943206787	0.137126624584198	0.0004924069507978857	1.0	1	0.0	0	0.0	0	0.0	-1.0	0.0	0.8819231986999512	0.0	0.4713931083679199	-0.4713931083679199	0.0	0.8819231986999512
-0.2554098069667816	-2.2571558952331543	-1.2850282192230225	0.055439405143260956	0.034328050911426544	1.0	1	0.0	0	0.0	0	0.0	-1.0	0.0	0.8819234371185303	0.0	0.4713928699493408	-0.4713928699493408	0.0	0.8819234371185303
0.7273510098457336	-2.2571558952331543	-1.0895441770553589	0.1669817864894867	0.0004925184766761959	1.0	1	0.0	0	0.0	0	0.0	-1.0	0.0	0.8819279670715332	0.0	0.471384197473526	-0.471384197473526	0.0	0.8819279670715332
0.9257422685623169	-2.2571558952331543	-0.9267288446426392	0.19626294076442719	0.006317105609923601	1.0	1	0.0	0	0.0	0	0.0	-1.0	0.0	0.881928026676178	0.0	0.4713842272758484	-0.4713842272758484	0.0	0.881928026676178
1.0885578393936157	-2.2571558952331543	-0.7283375263214111	0.22384463250637054	0.017742054536938667	1.0	1	0.0	0	0.0	0	0.0	-1.0	0.0	0.881928026676178	0.0	0.4713842570781708	-0.4713842570781708	0.0	0.881928026676178
1.0885578393936157	-2.2571558952331543	-0.7283375263214111	0.22384463250637054	0.017742054536938667	1.0	1	0.0	0	0.0	0	0.0	-1.0	0.0	0.8819223642349243	0.0	0.4713946580886841	-0.4713946580886841	0.0	0.8819223642349243
1.2095404863357544	-2.2571558952331543	-0.5019946098327637	0.24866795539855957	0.0343286506831646	1.0	1	0.0	0	0.0	0	0.0	-1.0	0.0	0.8819223642349243	0.0	0.4713946282863617	-0.4713946282863617	0.0	0.8819223642349243
0.7273510098457336	-2.2571558952331543	-1.0895441770553589	0.1669817864894867	0.0004925184766761959	1.0	1	0.0	0	0.0	0	0.0	-1.0	0.0	0.8819223046302795	0.0	0.4713946580886841	-0.4713946580886841	0.0	0.8819223046302795
1.284041404724121	-2.2571558952331543	-0.2563982605934143	0.26977846026420593	0.055439285933971405	1.0	1	0.0	0	0.0	0	0.0	-1.0	0.0	0.8819237351417542	0.0	0.47139212489128113	-0.47139212489128113	0.0	0.8819237351417542
1.3091973066329956	-2.2571558952331543	-0.0009866192704066634	0.286364883184433	0.08026275038719177	1.0	1	0.0	0	0.0	0	0.0	-1.0	0.0	0.8819237947463989	0.0	0.4713921844959259	-0.4713921844959259	0.0	0.8819237947463989
1.284041404724121	-2.2571558952331543	0.2544250786304474	0.2977897524833679	0.10784508287906647	1.0	1	0.0	0	0.0	0	0.0	-1.0	0.0	0.8819237351417542	0.0	0.47139212489128113	-0.47139212489128113	0.0	0.8819237351417542
