1844	634	1
0.0	-1.0	-1.0	0.54273521900177	0.6528170108795166	1.0	0	0.0	0	0.0	0	0.04492827132344246	-0.8887613415718079	-0.4561630189418793	-0.9951847195625305	-5.942884229170886e-08	-0.09801732003688812	0.08711397647857666	0.4583702087402344	-0.8844817280769348
0.2715848684310913	-0.7987529039382935	-1.365349292755127	0.4954586923122406	0.7413444519042969	1.0	0	0.0	0	0.0	0	0.04492827132344246	-0.8887613415718079	-0.4561630189418793	-0.9951847791671753	-5.611795472759695e-08	-0.09801733493804932	0.08711399137973785	0.45837023854255676	-0.8844817876815796
0.19509032368659973	-1.0	-0.9807852506637573	0.5032079815864563	0.6528170108795166	1.0	0	0.0	0	0.0	0	0.04492827132344246	-0.8887613415718079	-0.4561630189418793	-0.9951846599578857	-5.9428831633567825e-08	-0.09801731258630753	0.08711397647857666	0.458370178937912	-0.88448166847229
0.2715848684310913	-0.7987529039382935	-1.365349292755127	0.7651121020317078	0.5002549886703491	1.0	0	0.0	0	0.0	0	0.1330578327178955	-0.8887614607810974	-0.4386329650878906	-0.9569403529167175	2.4480115712322004e-08	-0.290284663438797	0.25799378752708435	0.458370178937912	-0.8504915833473206
0.3826834559440613	-1.0	-0.9238795042037964	0.717835545539856	0.41172754764556885	1.0	0	0.0	0	0.0	0	0.1330578327178955	-0.8887614607810974	-0.4386329650878906	-0.9569403529167175	2.448010150146729e-08	-0.290284663438797	0.25799378752708435	0.458370178937912	-0.8504915833473206
0.19509032368659973	-1.0	-0.9807852506637573	0.7573627829551697	0.41172754764556885	1.0	0	0.0	0	0.0	0	0.1330578327178955	-0.8887614607810974	-0.4386329650878906	-0.9569402933120728	1.1236521046953385e-08	-0.290284663438797	0.25799381732940674	0.4583702087402344	-0.8504916429519653
0.5327329635620117	-0.7987529039382935	-1.2861309051513672	0.7651121020317078	0.08964819461107254	1.0	0	0.0	0	0.0	0	0.21607421338558197	-0.8887614607810974	-0.40424641966819763	-0.8819212913513184	-4.663379371550036e-08	-0.47139665484428406	0.4189591407775879	0.4583701491355896	-0.7838176488876343
0.5555702447891235	-1.0	-0.8314695954322815	0.717835545539856	0.0011207032948732376	1.0	0	0.0	0	0.0	0	0.21607421338558197	-0.8887614607810974	-0.40424641966819763	-0.8819213509559631	-4.6633807926355075e-08	-0.47139671444892883	0.4189591705799103	0.4583702087402344	-0.7838176488876343
0.3826834559440613	-1.0	-0.9238795042037964	0.7573627829551697	0.0011207032948732376	1.0	0	0.0	0	0.0	0	0.21607421338558197	-0.8887614607810974	-0.40424641966819763	-0.8819212913513184	-4.663380082092772e-08	-0.47139668464660645	0.4189591705799103	0.458370178937912	-0.7838176488876343
0.7734083533287048	-0.7987529039382935	-1.1574872732162476	0.7651121020317078	0.40948614478111267	1.0	0	0.0	0	0.0	0	0.2907869219779968	-0.8887614011764526	-0.3543248772621155	-0.7730104327201843	2.6760460514196893e-09	-0.6343932747840881	0.5638242959976196	0.4583701491355896	-0.6870219111442566
0.7071067690849304	-1.0	-0.7071067690849304	0.717835545539856	0.3209587037563324	1.0	0	0.0	0	0.0	0	0.2907869219779968	-0.8887614011764526	-0.3543248772621155	-0.7730104327201843	2.6760460514196893e-09	-0.6343932747840881	0.5638242959976196	0.4583701491355896	-0.6870219111442566
0.5555702447891235	-1.0	-0.8314695954322815	0.7573628425598145	0.3209587037563324	1.0	0	0.0	0	0.0	0	0.2907869219779968	-0.8887614011764526	-0.3543248772621155	-0.7730103731155396	2.6760458293750844e-09	-0.6343932747840881	0.5638242363929749	0.4583700895309448	-0.6870218515396118
0.9843620657920837	-0.7987529039382935	-0.984362006187439	0.7078447341918945	0.5694998502731323	1.0	0	0.0	0	0.0	0	0.3543248474597931	-0.8887614011764526	-0.2907869517803192	0.6870212554931641	0.4583701491355896	-0.5638250708580017	0.6343939900398254	4.1723257027115324e-07	0.7730099558830261
0.8314696550369263	-1.0	-0.5555701851844788	0.6193172931671143	0.6167764067649841	1.0	0	0.0	0	0.0	0	0.3543248474597931	-0.8887614011764526	-0.2907869517803192	0.6870211958885193	0.4583700895309448	-0.5638250708580017	0.6343939900398254	4.3213367462158203e-07	0.7730098366737366
0.7071067690849304	-1.0	-0.7071067690849304	0.6193172931671143	0.5772490501403809	1.0	0	0.0	0	0.0	0	0.3543248474597931	-0.8887614011764526	-0.2907869517803192	0.6870212554931641	0.4583701193332672	-0.5638250708580017	0.6343940496444702	4.172325134277344e-07	0.7730098962783813
1.1574875116348267	-0.7987529039382935	-0.7734081745147705	0.6505774855613708	0.6937704086303711	1.0	0	0.0	0	0.0	0	0.40424638986587524	-0.8887615203857422	-0.21607407927513123	0.7838179469108582	0.45837002992630005	-0.4189585745334625	0.47139614820480347	-2.533197687171196e-07	0.881921648979187
0.9238795042037964	-1.0	-0.3826834261417389	0.5620499849319458	0.7410469651222229	1.0	0	0.0	0	0.0	0	0.40424638986587524	-0.8887615203857422	-0.21607407927513123	0.7838179469108582	0.45837002992630005	-0.4189586043357849	0.47139617800712585	-2.3841860752327193e-07	0.881921648979187
0.8314696550369263	-1.0	-0.5555701851844788	0.5620499849319458	0.7015197277069092	1.0	0	0.0	0	0.0	0	0.40424638986587524	-0.8887615203857422	-0.21607407927513123	0.7838179469108582	0.45837002992630005	-0.4189586043357849	0.47139617800712585	-2.3841860752327193e-07	0.881921648979187
1.2861310243606567	-0.7987529039382935	-0.5327328443527222	0.7413464188575745	0.7272719740867615	1.0	0	0.0	0	0.0	0	0.4386328160762787	-0.8887614011764526	-0.1330578327178955	0.8504917025566101	0.4583701193332672	-0.2579939067363739	0.2902847230434418	1.4901161193847656e-08	0.9569402933120728
0.9807852506637573	-1.0	-0.19509035348892212	0.6528189182281494	0.7745484709739685	1.0	0	0.0	0	0.0	0	0.4386328160762787	-0.8887614011764526	-0.1330578327178955	0.8504917025566101	0.4583701491355896	-0.2579939365386963	0.29028475284576416	2.9802322387695312e-08	0.9569402933120728
0.9238795042037964	-1.0	-0.3826834261417389	0.6528189182281494	0.7350212335586548	1.0	0	0.0	0	0.0	0	0.4386328160762787	-0.8887614011764526	-0.1330578327178955	0.8504916429519653	0.4583701193332672	-0.2579939067363739	0.29028475284576416	2.2351741790771484e-08	0.9569403529167175
1.3653494119644165	-0.7987529039382935	-0.2715848684310913	0.7078447341918945	0.4549653232097626	1.0	0	0.0	0	0.0	0	0.4561629295349121	-0.8887615203857422	-0.04492820426821709	0.8844818472862244	0.4583700895309448	-0.08711404353380203	0.09801734983921051	1.862645326866641e-08	0.9951847791671753
1.0	-1.0	-7.549790126404332e-08	0.6193172931671143	0.502241849899292	1.0	0	0.0	0	0.0	0	0.4561629295349121	-0.8887615203857422	-0.04492820426821709	0.8844817876815796	0.45837005972862244	-0.08711403608322144	0.09801734983921051	1.4901162970204496e-08	0.9951847791671753
0.9807852506637573	-1.0	-0.19509035348892212	0.6193172931671143	0.4627145826816559	1.0	0	0.0	0	0.0	0	0.4561629295349121	-0.8887615203857422	-0.04492820426821709	0.8844817876815796	0.45837005972862244	-0.08711404353380203	0.09801735728979111	1.862645326866641e-08	0.9951847791671753
1.392098307609558	-0.7987529039382935	6.641528216277948e-09	0.7316104173660278	0.31871727108955383	1.0	0	0.0	0	0.0	0	0.45616278052330017	-0.8887614607810974	0.04492805153131485	0.09801696985960007	-2.037461399595486e-08	-0.9951847195625305	0.8844819664955139	0.45837000012397766	0.08711370825767517
0.9807853102684021	-1.0	0.19509020447731018	0.6843339204788208	0.23018980026245117	1.0	0	0.0	0	0.0	0	0.45616278052330017	-0.8887614607810974	0.04492805153131485	0.09801696985960007	-2.037461399595486e-08	-0.9951847195625305	0.8844819664955139	0.45837000012397766	0.08711370825767517
1.0	-1.0	-7.549790126404332e-08	0.7238611578941345	0.23018980026245117	1.0	0	0.0	0	0.0	0	0.45616278052330017	-0.8887614607810974	0.04492805153131485	0.09801698476076126	-1.7063769064407097e-08	-0.9951847791671753	0.8844819068908691	0.4583699703216553	0.08711370825767517
1.365349531173706	-0.7987529039382935	0.2715848386287689	0.765112042427063	0.18041712045669556	1.0	0	0.0	0	0.0	0	0.4386327266693115	-0.8887614607810974	0.13305780291557312	0.2902847230434418	-4.227018735036836e-09	-0.9569403529167175	0.8504917025566101	0.45837000012397766	0.2579938769340515
0.9238795638084412	-1.0	0.38268327713012695	0.717835545539856	0.09188959747552872	1.0	0	0.0	0	0.0	0	0.4386327266693115	-0.8887614607810974	0.13305780291557312	0.2902847230434418	-4.227025840464194e-09	-0.9569403529167175	0.8504917025566101	0.45837000012397766	0.2579938769340515
0.9807853102684021	-1.0	0.19509020447731018	0.7573627829551697	0.09188959747552872	1.0	0	0.0	0	0.0	0	0.4386327266693115	-0.8887614607810974	0.13305780291557312	0.29028475284576416	9.016559943120228e-09	-0.9569403529167175	0.8504917025566101	0.45837000012397766	0.2579939067363739
1.2861311435699463	-0.7987529039382935	0.5327328443527222	0.6743431687355042	0.31871727108955383	1.0	0	0.0	0	0.0	0	0.40424633026123047	-0.8887614607810974	0.21607400476932526	0.47139647603034973	2.676017629710259e-09	-0.8819214701652527	0.783817708492279	0.45837000012397766	0.41895896196365356
0.8314696550369263	-1.0	0.5555701851844788	0.6270666718482971	0.23018980026245117	1.0	0	0.0	0	0.0	0	0.40424633026123047	-0.8887614607810974	0.21607400476932526	0.4713965058326721	1.5919596307867323e-08	-0.8819214105606079	0.7838177680969238	0.45837002992630005	0.4189590513706207
0.9238795638084412	-1.0	0.38268327713012695	0.6665939688682556	0.23018980026245117	1.0	0	0.0	0	0.0	0	0.40424633026123047	-0.8887614607810974	0.21607400476932526	0.47139647603034973	2.6759892080008285e-09	-0.8819214105606079	0.7838177680969238	0.45837002992630005	0.41895902156829834
1.1574875116348267	-0.7987529039382935	0.7734084129333496	0.6170759201049805	0.08964823186397552	1.0	0	0.0	0	0.0	0	0.35432472825050354	-0.8887615203857422	0.29078686237335205	0.6343938708305359	3.2783248116174946e-07	-0.7730099558830261	0.6870213747024536	0.4583699703216553	0.5638249516487122
0.7071067690849304	-1.0	0.7071067690849304	0.5697993636131287	0.0011207276256754994	1.0	0	0.0	0	0.0	0	0.35432472825050354	-0.8887615203857422	0.29078686237335205	0.6343938708305359	3.2783248116174946e-07	-0.7730099558830261	0.6870213747024536	0.4583699703216553	0.5638249516487122
0.8314696550369263	-1.0	0.5555701851844788	0.6093265414237976	0.0011207032948732376	1.0	0	0.0	0	0.0	0	0.35432472825050354	-0.8887615203857422	0.29078686237335205	0.6343938708305359	3.2783248116174946e-07	-0.7730099558830261	0.6870213747024536	0.4583699703216553	0.5638249516487122
0.9843620657920837	-0.7987529039382935	0.9843622446060181	0.6170758605003357	0.452723890542984	1.0	0	0.0	0	0.0	0	0.29078686237335205	-0.8887615203857422	0.35432472825050354	0.7730104923248291	-6.689973575113584e-10	-0.6343933939933777	0.5638244152069092	0.45837000012397766	0.6870219111442566
0.5555701851844788	-1.0	0.8314696550369263	0.5697993636131287	0.36419638991355896	1.0	0	0.0	0	0.0	0	0.29078686237335205	-0.8887615203857422	0.35432472825050354	0.7730104327201843	-1.3912574203800432e-08	-0.6343933939933777	0.5638244152069092	0.4583699703216553	0.6870218515396118
0.7071067690849304	-1.0	0.7071067690849304	0.6093266606330872	0.36419638991355896	1.0	0	0.0	0	0.0	0	0.29078686237335205	-0.8887615203857422	0.35432472825050354	0.7730104923248291	-6.689973575113584e-10	-0.6343933939933777	0.5638244152069092	0.45837000012397766	0.6870219111442566
0.7734082937240601	-0.7987529039382935	1.1574876308441162	0.6170759201049805	0.18041713535785675	1.0	0	0.0	0	0.0	0	0.21607407927513123	-0.888761579990387	0.4042462110519409	0.8819212913513184	2.3704643581368146e-08	-0.47139668464660645	0.41895925998687744	0.4583699405193329	0.7838177680969238
0.38268327713012695	-1.0	0.9238796234130859	0.5697993636131287	0.0918896347284317	1.0	0	0.0	0	0.0	0	0.21607407927513123	-0.888761579990387	0.4042462110519409	0.8819213509559631	1.0461064015032662e-08	-0.47139671444892883	0.41895923018455505	0.4583699107170105	0.783817708492279
0.5555701851844788	-1.0	0.8314696550369263	0.6093266010284424	0.0918896347284317	1.0	0	0.0	0	0.0	0	0.21607407927513123	-0.888761579990387	0.4042462110519409	0.8819212913513184	-2.782516439481242e-09	-0.47139671444892883	0.41895928978919983	0.4583699405193329	0.7838177680969238
0.5327327251434326	-0.7987529039382935	1.2861313819885254	0.5504844784736633	0.650575578212738	1.0	0	0.0	0	0.0	0	0.13305756449699402	-0.888761579990387	0.43863266706466675	0.9569404721260071	-4.7515868573100306e-08	-0.2902843654155731	0.25799357891082764	0.45836982131004333	0.8504918217658997
0.19509008526802063	-1.0	0.9807853102684021	0.5032079815864563	0.562048077583313	1.0	0	0.0	0	0.0	0	0.13305756449699402	-0.888761579990387	0.43863266706466675	0.9569404125213623	-3.427226147323381e-08	-0.29028433561325073	0.25799360871315	0.4583698511123657	0.8504918813705444
0.38268327713012695	-1.0	0.9238796234130859	0.54273521900177	0.562048077583313	1.0	0	0.0	0	0.0	0	0.13305756449699402	-0.888761579990387	0.43863266706466675	0.9569404125213623	-3.427226147323381e-08	-0.29028433561325073	0.25799360871315	0.4583698511123657	0.8504918813705444
0.27158454060554504	-0.7987529039382935	1.3653497695922852	0.6170758605003357	0.5434927940368652	1.0	0	0.0	0	0.0	0	0.04492801055312157	-0.8887616395950317	0.456162691116333	0.9951847791671753	1.6239141586993355e-08	-0.09801691025495529	0.0871136486530304	0.45836982131004333	0.8844819664955139
-3.2584136988589307e-07	-1.0	1.0	0.5697993040084839	0.4549653232097626	1.0	0	0.0	0	0.0	0	0.04492801055312157	-0.8887616395950317	0.456162691116333	0.9951847195625305	1.955004158560314e-08	-0.0980168953537941	0.0871136486530304	0.4583698511123657	0.8844819664955139
0.19509008526802063	-1.0	0.9807853102684021	0.6093266010284424	0.4549653232097626	1.0	0	0.0	0	0.0	0	0.04492801055312157	-0.8887616395950317	0.456162691116333	0.9951847791671753	1.6239141586993355e-08	-0.09801691025495529	0.0871136486530304	0.45836982131004333	0.8844819664955139
-5.001624003853067e-07	-0.7987529039382935	1.3920984268188477	0.40468981862068176	0.6170739531517029	1.0	0	0.0	0	0.0	0	-0.04492829740047455	-0.888761579990387	0.456162691116333	0.08711536973714828	-0.4583699107170105	-0.8844818472862244	0.995184600353241	5.21540641784668e-07	0.09801856428384781
-0.19509072601795197	-1.0	0.9807851910591125	0.4932172894477844	0.5697973370552063	1.0	0	0.0	0	0.0	0	-0.04492829740047455	-0.888761579990387	0.456162691116333	0.08711535483598709	-0.4583699107170105	-0.8844818472862244	0.995184600353241	5.140900611877441e-07	0.09801854938268661
-3.2584136988589307e-07	-1.0	1.0	0.4932173192501068	0.60932457447052	1.0	0	0.0	0	0.0	0	-0.04492829740047455	-0.888761579990387	0.456162691116333	0.08711536228656769	-0.4583698809146881	-0.8844817876815796	0.9951845407485962	5.178152946427872e-07	0.09801854938268661
-0.27158552408218384	-0.7987529039382935	1.365349531173706	0.5620499849319458	0.6915289759635925	1.0	0	0.0	0	0.0	0	-0.13305798172950745	-0.888761579990387	0.4386325478553772	0.25799399614334106	-0.45836982131004333	-0.8504917025566101	0.9569402933120728	-1.4901159772762185e-07	0.2902849316596985
-0.3826838731765747	-1.0	0.9238793253898621	0.6505774855613708	0.6442524790763855	1.0	0	0.0	0	0.0	0	-0.13305798172950745	-0.888761579990387	0.4386325478553772	0.25799405574798584	-0.4583698511123657	-0.8504917621612549	0.956940233707428	-1.2665985593685036e-07	0.2902849614620209
-0.19509072601795197	-1.0	0.9807851910591125	0.6505774855613708	0.6837797164916992	1.0	0	0.0	0	0.0	0	-0.13305798172950745	-0.888761579990387	0.4386325478553772	0.25799405574798584	-0.4583698809146881	-0.8504917621612549	0.956940233707428	-1.2665985593685036e-07	0.2902849614620209
-0.5327336192131042	-0.7987529039382935	1.2861310243606567	0.40468981862068176	0.6743412613868713	1.0	0	0.0	0	0.0	0	-0.21607419848442078	-0.8887616395950317	0.4042460322380066	0.4189598858356476	-0.45836979150772095	-0.7838174104690552	0.8819209337234497	1.4901161193847656e-07	0.4713973104953766
-0.5555707216262817	-1.0	0.8314692974090576	0.4932172894477844	0.6270646452903748	1.0	0	0.0	0	0.0	0	-0.21607419848442078	-0.8887616395950317	0.4042460322380066	0.41895991563796997	-0.4583698511123657	-0.7838174104690552	0.8819209337234497	1.6391278734317893e-07	0.471397340297699
-0.3826838731765747	-1.0	0.9238793253898621	0.4932172894477844	0.6665919423103333	1.0	0	0.0	0	0.0	0	-0.21607419848442078	-0.8887616395950317	0.4042460322380066	0.41895991563796997	-0.45836979150772095	-0.7838174104690552	0.8819209337234497	1.6391277313232422e-07	0.471397340297699
-0.7734091281890869	-0.7987529039382935	1.157487154006958	0.619317352771759	0.11341383308172226	1.0	0	0.0	0	0.0	0	-0.2907869219779968	-0.888761579990387	0.3543245196342468	0.5638247132301331	-0.4583698511123657	-0.6870217323303223	0.7730101943016052	-1.4901161193847656e-08	0.6343936920166016
-0.7071072459220886	-1.0	0.707106351852417	0.7078448534011841	0.06613724678754807	1.0	0	0.0	0	0.0	0	-0.2907869219779968	-0.888761579990387	0.3543245196342468	0.5638247132301331	-0.4583698511123657	-0.6870217323303223	0.77301025390625	-1.4901162970204496e-08	0.6343936324119568
-0.5555707216262817	-1.0	0.8314692974090576	0.7078448534011841	0.10566454380750656	1.0	0	0.0	0	0.0	0	-0.2907869219779968	-0.888761579990387	0.3543245196342468	0.5638246536254883	-0.45836982131004333	-0.6870217323303223	0.7730101346969604	-2.9802322387695312e-08	0.6343936324119568
-0.7071072459220886	-1.0	0.707106351852417	0.6093265414237976	0.5457342267036438	1.0	0	0.0	0	0.0	0	-0.35432493686676025	-0.8887614607810974	0.2907865345478058	0.6343927383422852	1.958416540048802e-08	0.7730110287666321	-0.6870223879814148	0.4583699107170105	0.5638238191604614
-1.1574879884719849	-0.7987529039382935	0.7734076976776123	0.5620499849319458	0.6342617273330688	1.0	0	0.0	0	0.0	0	-0.35432493686676025	-0.8887614607810974	0.2907865345478058	0.6343927383422852	1.958416540048802e-08	0.7730110287666321	-0.6870223879814148	0.4583699107170105	0.5638238191604614
-0.8314700126647949	-1.0	0.5555696487426758	0.5697993040084839	0.5457342267036438	1.0	0	0.0	0	0.0	0	-0.35432493686676025	-0.8887614607810974	0.2907865345478058	0.6343927979469299	-2.0146588397551568e-08	0.7730109691619873	-0.68702232837677	0.4583699405193329	0.5638238787651062
-0.8314700126647949	-1.0	0.5555696487426758	0.6093265414237976	0.18265855312347412	1.0	0	0.0	0	0.0	0	-0.40424636006355286	-0.8887615203857422	0.21607381105422974	0.4713961184024811	2.7156161763741693e-08	0.8819217085838318	-0.7838180661201477	0.45837000012397766	0.41895872354507446
-1.2861316204071045	-0.7987529039382935	0.5327320098876953	0.5620499849319458	0.27118608355522156	1.0	0	0.0	0	0.0	0	-0.40424636006355286	-0.8887615203857422	0.21607381105422974	0.4713961184024811	1.391257953287095e-08	0.881921648979187	-0.7838180065155029	0.4583699703216553	0.41895872354507446
-0.923879861831665	-1.0	0.3826826810836792	0.5697993040084839	0.18265855312347412	1.0	0	0.0	0	0.0	0	-0.40424636006355286	-0.8887615203857422	0.21607381105422974	0.4713960886001587	6.690043519164135e-10	0.8819215297698975	-0.7838178873062134	0.4583699107170105	0.4189586937427521
-0.923879861831665	-1.0	0.3826826810836792	0.6093264818191528	0.27342745661735535	1.0	0	0.0	0	0.0	0	-0.4386328160762787	-0.8887615203857422	0.13305729627609253	0.2902836501598358	-2.782515551302822e-09	0.9569406509399414	-0.850492000579834	0.4583699107170105	0.2579929530620575
-1.3653497695922852	-0.7987529039382935	0.27158379554748535	0.5620499849319458	0.3619549870491028	1.0	0	0.0	0	0.0	0	-0.4386328160762787	-0.8887615203857422	0.13305729627609253	0.2902836501598358	-2.782515551302822e-09	0.9569406509399414	-0.850492000579834	0.4583699107170105	0.2579929530620575
-0.9807854294776917	-1.0	0.1950894594192505	0.5697992444038391	0.27342745661735535	1.0	0	0.0	0	0.0	0	-0.4386328160762787	-0.8887615203857422	0.13305729627609253	0.2902836501598358	-2.782515551302822e-09	0.9569406509399414	-0.850492000579834	0.4583699107170105	0.2579929530620575
-1.3653497695922852	-0.7987529039382935	0.27158379554748535	0.7078447937965393	0.7250306606292725	1.0	0	0.0	0	0.0	0	-0.45616278052330017	-0.8887614607810974	0.04492774233222008	0.09801626205444336	4.1095358227494216e-08	0.9951848387718201	-0.8844819664955139	0.4583699405193329	0.08711305260658264
-1.0	-1.0	-9.655991561885457e-07	0.6605681777000427	0.6365031599998474	1.0	0	0.0	0	0.0	0	-0.45616278052330017	-0.8887614607810974	0.04492774233222008	0.09801626205444336	4.1095358227494216e-08	0.9951848983764648	-0.8844819068908691	0.4583699107170105	0.08711304515600204
-0.9807854294776917	-1.0	0.1950894594192505	0.7000954747200012	0.6365031599998474	1.0	0	0.0	0	0.0	0	-0.45616278052330017	-0.8887614607810974	0.04492774233222008	0.09801625460386276	4.109535467478054e-08	0.9951848387718201	-0.8844819068908691	0.4583699405193329	0.08711305260658264
-1.392098307609558	-0.7987529039382935	-1.2324669569352409e-06	0.619317352771759	0.05614657327532768	1.0	0	0.0	0	0.0	0	-0.4561627507209778	-0.8887614607810974	-0.04492858052253723	0.88448166847229	-0.4583699405193329	0.08711510896682739	-0.09801845252513885	1.601874686230076e-07	0.9951845407485962
-0.980785071849823	-1.0	-0.1950913518667221	0.7078448534011841	0.008869992569088936	1.0	0	0.0	0	0.0	0	-0.4561627507209778	-0.8887614607810974	-0.04492858052253723	0.8844817280769348	-0.45837000012397766	0.08711512386798859	-0.09801847487688065	1.6391277313232422e-07	0.995184600353241
-1.0	-1.0	-9.655991561885457e-07	0.7078448534011841	0.048397235572338104	1.0	0	0.0	0	0.0	0	-0.4561627507209778	-0.8887614607810974	-0.04492858052253723	0.8844817280769348	-0.45837000012397766	0.08711511641740799	-0.09801846742630005	1.601874828338623e-07	0.995184600353241
-0.980785071849823	-1.0	-0.1950913518667221	0.7078448534011841	0.4255024790763855	1.0	0	0.0	0	0.0	0	-0.438632607460022	-0.8887615203857422	-0.1330583095550537	0.850491464138031	-0.45837002992630005	0.25799471139907837	-0.29028570652008057	-5.960465188081798e-08	0.9569401144981384
-1.2861305475234985	-0.7987529039382935	-0.5327342748641968	0.619317352771759	0.3782259523868561	1.0	0	0.0	0	0.0	0	-0.438632607460022	-0.8887615203857422	-0.1330583095550537	0.850491464138031	-0.45837000012397766	0.25799474120140076	-0.29028570652008057	-4.470347647611561e-08	0.9569400548934937
-0.923879086971283	-1.0	-0.38268446922302246	0.7078448534011841	0.3859752118587494	1.0	0	0.0	0	0.0	0	-0.438632607460022	-0.8887615203857422	-0.1330583095550537	0.8504914045333862	-0.45837000012397766	0.25799471139907837	-0.29028570652008057	-5.21540641784668e-08	0.9569400548934937
-1.2861305475234985	-0.7987529039382935	-0.5327342748641968	0.619317352771759	0.17068110406398773	1.0	0	0.0	0	0.0	0	-0.4042460322380066	-0.8887614607810974	-0.21607454121112823	0.7838170528411865	-0.4583699703216553	0.41896021366119385	-0.4713977873325348	8.940695295223122e-08	0.8819206357002258
-0.831468939781189	-1.0	-0.5555712580680847	0.7078447937965393	0.12340450286865234	1.0	0	0.0	0	0.0	0	-0.4042460322380066	-0.8887614607810974	-0.21607454121112823	0.7838170528411865	-0.4583699703216553	0.41896021366119385	-0.4713977873325348	8.940695295223122e-08	0.8819206357002258
-0.923879086971283	-1.0	-0.38268446922302246	0.7078448534011841	0.16293178498744965	1.0	0	0.0	0	0.0	0	-0.4042460322380066	-0.8887614607810974	-0.21607454121112823	0.7838171720504761	-0.45837002992630005	0.41896024346351624	-0.4713978171348572	8.940698137394065e-08	0.8819206953048706
-0.831468939781189	-1.0	-0.5555712580680847	0.7078447341918945	0.5595090985298157	1.0	0	0.0	0	0.0	0	-0.35432446002960205	-0.8887615203857422	-0.29078736901283264	0.6870207190513611	-0.45837005972862244	0.563825786113739	-0.6343948245048523	3.129243850708008e-07	0.773009181022644
-0.984360933303833	-0.7987529039382935	-0.9843632578849792	0.6193172931671143	0.5122326016426086	1.0	0	0.0	0	0.0	0	-0.35432446002960205	-0.8887615203857422	-0.29078736901283264	0.6870207190513611	-0.45837005972862244	0.563825786113739	-0.6343948245048523	3.129243850708008e-07	0.773009181022644
-0.7071058750152588	-1.0	-0.707107663154602	0.7078447341918945	0.5199818015098572	1.0	0	0.0	0	0.0	0	-0.35432446002960205	-0.8887615203857422	-0.29078736901283264	0.6870207190513611	-0.4583700895309448	0.563825786113739	-0.6343948245048523	3.2782557468635787e-07	0.7730092406272888
-0.7071058750152588	-1.0	-0.707107663154602	0.4046897888183594	0.6843319535255432	1.0	0	0.0	0	0.0	0	-0.2907864451408386	-0.8887614607810974	-0.35432520508766174	-0.5638232827186584	0.45837005972862244	-0.6870226860046387	0.773011326789856	-8.940696716308594e-08	-0.6343922019004822
-0.7734068632125854	-0.7987529039382935	-1.1574883460998535	0.49321722984313965	0.731608510017395	1.0	0	0.0	0	0.0	0	-0.2907864451408386	-0.8887614607810974	-0.35432520508766174	-0.5638232827186584	0.45837005972862244	-0.6870226860046387	0.773011326789856	-8.940696716308594e-08	-0.6343922019004822
-0.5555691123008728	-1.0	-0.8314703702926636	0.4046897888183594	0.7238592505455017	1.0	0	0.0	0	0.0	0	-0.2907864451408386	-0.8887614607810974	-0.35432520508766174	-0.5638232827186584	0.45837005972862244	-0.6870226860046387	0.773011326789856	-8.940696716308594e-08	-0.6343922019004822
-0.5555691123008728	-1.0	-0.8314703702926636	0.619317352771759	0.3287079334259033	1.0	0	0.0	0	0.0	0	-0.216073676943779	-0.8887614607810974	-0.4042467176914215	-0.41895821690559387	0.4583701491355896	-0.7838180661201477	0.8819218873977661	2.980232594040899e-08	-0.4713956415653229
-0.5327311158180237	-0.7987529039382935	-1.286131739616394	0.7078447937965393	0.3759845495223999	1.0	0	0.0	0	0.0	0	-0.216073676943779	-0.8887614607810974	-0.4042467176914215	-0.41895824670791626	0.458370178937912	-0.7838181257247925	0.8819218873977661	2.9802322387695312e-08	-0.4713956117630005
-0.38268208503723145	-1.0	-0.9238801002502441	0.619317352771759	0.3682352602481842	1.0	0	0.0	0	0.0	0	-0.216073676943779	-0.8887614607810974	-0.4042467176914215	-0.41895824670791626	0.4583701491355896	-0.7838180661201477	0.8819218873977661	4.4703490686970326e-08	-0.4713956415653229
-0.5327336192131042	-0.7987529039382935	1.2861310243606567	0.2529519498348236	0.0011207032948732376	1.0	0	0.0	0	0.0	0	0.0	1.0	0.0	0.9569401741027832	3.552713678800501e-15	0.2902851402759552	0.2902851402759552	0.0	-0.956940233707428
1.2861311435699463	-0.7987529039382935	0.5327328443527222	0.559808611869812	0.2529524564743042	1.0	0	0.0	0	0.0	0	0.0	1.0	0.0	0.956940233707428	3.5527141023169746e-15	0.2902851402759552	0.2902851402759552	0.0	-0.9569402933120728
-1.2861305475234985	-0.7987529039382935	-0.5327342748641968	0.0011209463700652122	0.3079785406589508	1.0	0	0.0	0	0.0	0	0.0	1.0	0.0	0.956940233707428	3.5527141023169746e-15	0.2902851402759552	0.2902851402759552	0.0	-0.9569402933120728
-0.5327311158180237	-0.7987529039382935	-1.286131739616394	0.7078447341918945	0.1729225069284439	1.0	0	0.0	0	0.0	0	-0.13305708765983582	-0.8887614011764526	-0.4386330842971802	-0.2579919099807739	0.4583700895309448	-0.8504921793937683	0.9569408893585205	-2.3096797008292924e-07	-0.29028263688087463
-0.19508881866931915	-1.0	-0.9807855486869812	0.619317352771759	0.22019913792610168	1.0	0	0.0	0	0.0	0	-0.13305708765983582	-0.8887614011764526	-0.4386330842971802	-0.2579919397830963	0.458370178937912	-0.8504922986030579	0.9569409489631653	-2.3096799850463867e-07	-0.290282666683197
-0.38268208503723145	-1.0	-0.9238801002502441	0.619317352771759	0.18067187070846558	1.0	0	0.0	0	0.0	0	-0.13305708765983582	-0.8887614011764526	-0.4386330842971802	-0.2579919397830963	0.4583701193332672	-0.8504922389984131	0.9569409489631653	-2.2351741790771484e-07	-0.290282666683197
-0.27158287167549133	-0.7987529039382935	-1.3653497695922852	0.5504844188690186	0.7435858845710754	1.0	0	0.0	0	0.0	0	-0.04492785036563873	-0.8887614607810974	-0.4561629891395569	-0.0871102511882782	0.4583701491355896	-0.884482204914093	0.995185136795044	-1.4118853641775786e-06	-0.09801382571458817
0.0	-1.0	-1.0	0.46195703744888306	0.7908623218536377	1.0	0	0.0	0	0.0	0	-0.04492785036563873	-0.8887614607810974	-0.4561629891395569	-0.0871102511882782	0.4583701193332672	-0.8844821453094482	0.995185136795044	-1.4081598465054412e-06	-0.09801382571458817
-0.19508881866931915	-1.0	-0.9807855486869812	0.4619569480419159	0.7513353824615479	1.0	0	0.0	0	0.0	0	-0.04492785036563873	-0.8887614607810974	-0.4561629891395569	-0.0871102437376976	0.4583701193332672	-0.8844821453094482	0.995185136795044	-1.4118851368039032e-06	-0.09801381826400757
0.19509008526802063	-1.0	0.9807853102684021	0.26031580567359924	0.9556635022163391	1.0	0	0.0	0	0.0	0	0.0	-1.0	0.0	0.9951848387718201	0.0	0.09801621735095978	-0.09801621735095978	0.0	0.9951848387718201
-0.9807854294776917	-1.0	0.1950894594192505	0.008831894025206566	0.8212417960166931	1.0	0	0.0	0	0.0	0	0.0	-1.0	0.0	0.9951850771903992	0.0	0.09801346063613892	-0.09801346063613892	0.0	0.9951850771903992
0.9807852506637573	-1.0	-0.19509035348892212	0.39473697543144226	0.704180121421814	1.0	0	0.0	0	0.0	0	0.0	-1.0	0.0	0.9951843619346619	0.0	0.09802117198705673	-0.09802117198705673	0.0	0.9951843619346619
5.920392354141768e-08	-0.17496396601200104	-0.5406094193458557	0.9942312240600586	0.6365031599998474	1.0	0	0.0	0	0.0	0	0.046376120299100876	0.880972683429718	-0.47088900208473206	-0.9951851963996887	9.599744110744268e-09	-0.09801209717988968	-0.08634597808122635	0.47316718101501465	0.8767309784889221
0.07264745980501175	-0.08504270017147064	-0.3652235269546509	0.9761874675750732	0.6748219728469849	1.0	0	0.0	0	0.0	0	0.046376120299100876	0.880972683429718	-0.47088900208473206	-0.9951852560043335	6.317876000139222e-09	-0.09801211208105087	-0.08634598553180695	0.47316715121269226	0.8767309188842773
0.10546775907278061	-0.17496396601200104	-0.5302222967147827	0.9728624224662781	0.6365031599998474	1.0	0	0.0	0	0.0	0	0.046376120299100876	0.880972683429718	-0.47088900208473206	-0.9951851963996887	9.599759209777403e-09	-0.09801210463047028	-0.08634597808122635	0.47316718101501465	0.8767309784889221
1.02703637594459e-07	-0.2959780693054199	-0.6880655288696289	0.9612582325935364	0.8871438503265381	1.0	0	0.0	0	0.0	0	0.06235898658633232	0.77150559425354	-0.6331592202186584	-0.9951850771903992	-5.539988467972989e-09	-0.09801442176103592	-0.07561866194009781	0.6362226605415344	0.7677907347679138
0.10546775907278061	-0.17496396601200104	-0.5302222967147827	0.9369752407073975	0.9254962801933289	1.0	0	0.0	0	0.0	0	0.06235898658633232	0.77150559425354	-0.6331592202186584	-0.9951850175857544	-2.6659137120077503e-09	-0.09801441431045532	-0.07561866194009781	0.6362226605415344	0.7677907943725586
0.1342349648475647	-0.2959780693054199	-0.6748449206352234	0.9340608716011047	0.8871438503265381	1.0	0	0.0	0	0.0	0	0.06235898658633232	0.77150559425354	-0.6331592202186584	-0.9951850175857544	-2.6659137120077503e-09	-0.09801441431045532	-0.07561866194009781	0.6362226605415344	0.7677907943725586
2.1870283717362327e-07	-0.4434339702129364	-0.8090790510177612	0.9490272402763367	0.21463915705680847	1.0	0	0.0	0	0.0	0	0.07591134309768677	0.632562518119812	-0.7707802653312683	0.061998769640922546	-0.7745093703269958	-0.6295168399810791	-0.9951852560043335	4.0978193283081055e-08	-0.09801214933395386
0.1342349648475647	-0.2959780693054199	-0.6748449206352234	0.9106388092041016	0.18505032360553741	1.0	0	0.0	0	0.0	0	0.07591134309768677	0.632562518119812	-0.7707802653312683	0.06199877709150314	-0.7745093703269958	-0.6295168399810791	-0.9951852560043335	3.3527612686157227e-08	-0.09801214933395386
0.15784363448619843	-0.4434339702129364	-0.7935336232185364	0.9490272402763367	0.18265852332115173	1.0	0	0.0	0	0.0	0	0.07591134309768677	0.632562518119812	-0.7707802653312683	0.061998773366212845	-0.7745093107223511	-0.6295168399810791	-0.9951852560043335	3.725290298461914e-08	-0.09801214188337326
1.570421659380372e-08	-0.6116651892662048	-0.899000883102417	0.8714250922203064	0.7156136631965637	1.0	0	0.0	0	0.0	0	0.08653326332569122	0.46962860226631165	-0.8786131143569946	0.9951849579811096	1.492730802965525e-06	0.09801504760980606	0.04603198170661926	-0.8828641176223755	-0.4673672020435333
0.15784363448619843	-0.4434339702129364	-0.7935336232185364	0.905182957649231	0.6771919131278992	1.0	0	0.0	0	0.0	0	0.08653326332569122	0.46962860226631165	-0.8786131143569946	0.9951849579811096	1.489231863160967e-06	0.09801504760980606	0.046031974256038666	-0.8828641176223755	-0.4673672020435333
0.175386443734169	-0.6116651892662048	-0.8817273378372192	0.9069601893424988	0.7156137228012085	1.0	0	0.0	0	0.0	0	0.08653326332569122	0.46962860226631165	-0.8786131143569946	0.9951850175857544	1.4892319768478046e-06	0.09801505506038666	0.046031974256038666	-0.8828640580177307	-0.46736717224121094
2.0420296209522348e-07	-0.7942068576812744	-0.9543738961219788	0.7319842576980591	0.8629671335220337	1.0	0	0.0	0	0.0	0	0.0938306525349617	0.2890031933784485	-0.9527187347412109	0.02832368016242981	-0.9573281407356262	-0.2876119017601013	-0.9951851963996887	2.3115426301956177e-06	-0.09801235795021057
0.175386443734169	-0.6116651892662048	-0.8817273378372192	0.6935369372367859	0.8263378739356995	1.0	0	0.0	0	0.0	0	0.0938306525349617	0.2890031933784485	-0.9527187347412109	0.02832367829978466	-0.9573281407356262	-0.2876119017601013	-0.9951851963996887	2.3134052753448486e-06	-0.09801235795021057
0.18618924915790558	-0.7942068576812744	-0.9360366463661194	0.7319841980934143	0.825243353843689	1.0	0	0.0	0	0.0	0	0.0938306525349617	0.2890031933784485	-0.9527187347412109	0.02832367829978466	-0.9573281407356262	-0.2876119017601013	-0.9951851963996887	2.3134052753448486e-06	-0.09801235795021057
2.1870283717362327e-07	-0.9840436577796936	-0.9730713367462158	0.8299576044082642	0.18265852332115173	1.0	0	0.0	0	0.0	0	0.09754616767168045	0.0975499227643013	-0.9904386401176453	-0.995185136795044	0.0	-0.09801363945007324	-0.009561222046613693	0.9952306747436523	0.09708023816347122
0.18618924915790558	-0.7942068576812744	-0.9360366463661194	0.7918643355369568	0.22111959755420685	1.0	0	0.0	0	0.0	0	0.09754616767168045	0.0975499227643013	-0.9904386401176453	-0.9951850771903992	0.0	-0.09801363199949265	-0.009561222046613693	0.9952306151390076	0.09708023071289062
0.18983691930770874	-0.9840436577796936	-0.9543747305870056	0.7914947867393494	0.18265852332115173	1.0	0	0.0	0	0.0	0	0.09754616767168045	0.0975499227643013	-0.9904386401176453	-0.9951850175857544	7.268034507568188e-10	-0.09801362454891205	-0.009561222046613693	0.9952306747436523	0.09708023071289062
-9.670600320532685e-09	-0.02966909110546112	-0.18983687460422516	0.039583638310432434	0.9900447726249695	1.0	0	0.0	0	0.0	0	0.009652807377278805	0.9951384663581848	-0.0980122983455658	8.273254366031324e-07	-0.09801685810089111	-0.9951847195625305	-0.9999534487724304	0.009606245905160904	-0.0009469611686654389
-1.6748879261285765e-07	-0.010971799492835999	4.419982246872678e-07	0.0011207032948732376	0.9900447726249695	1.0	0	0.0	0	0.0	0	0.009652807377278805	0.9951384663581848	-0.0980122983455658	8.274694778265257e-07	-0.09801686555147171	-0.9951847791671753	-0.9999533891677856	0.00960624497383833	-0.0009469612850807607
0.03703535348176956	-0.02966909110546112	-0.1861894279718399	0.03885173425078392	0.9825767874717712	1.0	0	0.0	0	0.0	0	0.009652807377278805	0.9951384663581848	-0.0980122983455658	8.274694778265257e-07	-0.09801687300205231	-0.9951848387718201	-0.9999534487724304	0.00960624497383833	-0.0009469613432884216
3.020412719934029e-08	-0.08504270017147064	-0.3723782002925873	0.6003432869911194	0.9907135367393494	1.0	0	0.0	0	0.0	0	0.028577109798789024	0.9565491676330566	-0.29016754031181335	0.09375215321779251	-0.29157134890556335	-0.9519436359405518	-0.995185375213623	-3.3527616238870905e-08	-0.09801081568002701
0.03703535348176956	-0.02966909110546112	-0.1861894279718399	0.5620499849319458	0.9796023368835449	1.0	0	0.0	0	0.0	0	0.028577109798789024	0.9565491676330566	-0.29016754031181335	0.09375215321779251	-0.29157134890556335	-0.9519436359405518	-0.995185375213623	-3.3527616238870905e-08	-0.09801081568002701
0.07264745980501175	-0.08504270017147064	-0.3652235269546509	0.6003432869911194	0.9759944081306458	1.0	0	0.0	0	0.0	0	0.028577109798789024	0.9565491676330566	-0.29016754031181335	0.09375214576721191	-0.29157134890556335	-0.9519436359405518	-0.995185375213623	-3.166497108963995e-08	-0.09801080822944641
0.03703535348176956	-0.02966909110546112	-0.1861894279718399	0.8484228849411011	0.17504209280014038	1.0	0	0.0	0	0.0	0	0.08463853597640991	0.9565491080284119	-0.27901625633239746	0.277671754360199	-0.2915711998939514	-0.9153604507446289	-0.9569402933120728	-1.6391278734317893e-07	-0.2902848422527313
0.14250315725803375	-0.08504270017147064	-0.34403306245803833	0.8867163062095642	0.16393066942691803	1.0	0	0.0	0	0.0	0	0.08463853597640991	0.9565491080284119	-0.27901625633239746	0.277671754360199	-0.2915711998939514	-0.9153604507446289	-0.9569402933120728	-1.6391278734317893e-07	-0.2902848422527313
0.07264745980501175	-0.08504270017147064	-0.3652235269546509	0.8867163062095642	0.17864978313446045	1.0	0	0.0	0	0.0	0	0.08463853597640991	0.9565491080284119	-0.27901625633239746	0.2776717245578766	-0.29157117009162903	-0.9153603911399841	-0.9569402933120728	-1.564621925354004e-07	-0.29028481245040894
0.10546775907278061	-0.17496396601200104	-0.5302222967147827	0.9712002873420715	0.6771919131278992	1.0	0	0.0	0	0.0	0	0.1373533308506012	0.880972683429718	-0.45279261469841003	-0.956940233707428	-1.606659694175505e-08	-0.2902850806713104	-0.2557332217693329	0.4731670916080475	0.8430382013320923
0.14250315725803375	-0.08504270017147064	-0.34403306245803833	0.9531562924385071	0.7155107259750366	1.0	0	0.0	0	0.0	0	0.1373533308506012	0.880972683429718	-0.45279261469841003	-0.9569402933120728	-1.606660049446873e-08	-0.2902851104736328	-0.2557332515716553	0.4731671214103699	0.8430382609367371
0.20688247680664062	-0.17496396601200104	-0.4994584321975708	0.9498313665390015	0.6771919131278992	1.0	0	0.0	0	0.0	0	0.1373533308506012	0.880972683429718	-0.45279261469841003	-0.9569402933120728	-1.606659871811189e-08	-0.2902851104736328	-0.2557332515716553	0.4731671214103699	0.8430382609367371
0.10546775907278061	-0.17496396601200104	-0.5302222967147827	0.9443044662475586	0.0394730269908905	1.0	0	0.0	0	0.0	0	0.1846860647201538	0.77150559425354	-0.6088269352912903	-0.956940233707428	4.3787520276339365e-09	-0.2902853190898895	-0.22395671904087067	0.6362225413322449	0.7382846474647522
0.2633114159107208	-0.2959780693054199	-0.635689914226532	0.9200214147567749	0.0011207032948732376	1.0	0	0.0	0	0.0	0	0.1846860647201538	0.77150559425354	-0.6088269352912903	-0.956940233707428	4.3787520276339365e-09	-0.2902853190898895	-0.22395671904087067	0.6362225413322449	0.7382846474647522
0.1342349648475647	-0.2959780693054199	-0.6748449206352234	0.9472188353538513	0.0011207032948732376	1.0	0	0.0	0	0.0	0	0.1846860647201538	0.77150559425354	-0.6088269352912903	-0.956940233707428	4.3787520276339365e-09	-0.2902853190898895	-0.22395671904087067	0.6362225413322449	0.7382846474647522
0.1342349648475647	-0.2959780693054199	-0.6748449206352234	0.5026203393936157	0.908906877040863	1.0	0	0.0	0	0.0	0	0.22482843697071075	0.6325626969337463	-0.7411590218544006	0.18362516164779663	-0.7745091915130615	-0.6053241491317749	-0.9569399356842041	-1.3709068298339844e-06	-0.2902860641479492
0.3096214830875397	-0.4434339702129364	-0.747492253780365	0.5410087704658508	0.8793178200721741	1.0	0	0.0	0	0.0	0	0.22482843697071075	0.6325626969337463	-0.7411590218544006	0.18362517654895782	-0.7745091915130615	-0.6053241491317749	-0.9569399356842041	-1.385807991027832e-06	-0.2902860939502716
0.15784363448619843	-0.4434339702129364	-0.7935336232185364	0.5410087704658508	0.9112986326217651	1.0	0	0.0	0	0.0	0	0.22482843697071075	0.6325626969337463	-0.7411590218544006	0.18362516164779663	-0.7745091915130615	-0.6053241491317749	-0.9569399356842041	-1.3709068298339844e-06	-0.2902860641479492
0.15784363448619843	-0.4434339702129364	-0.7935336232185364	0.5026203989982605	0.8752994537353516	1.0	0	0.0	0	0.0	0	0.2562825679779053	0.4696286916732788	-0.8448480367660522	0.1363227814435959	-0.8828641176223755	-0.4494076371192932	-0.9569405913352966	3.3080577850341797e-06	-0.290283739566803
